ID_POLIGONO,conjunto,rendimiento_t_ha,area_ha,ndvi_s2_int,ndvi_s2_media_sep_oct,crc_s2_media,vi6t_landsat_max,lai_planet_max,lluvia_ciclo_mm,pendiente_grados,elevacion_m,ndvi_s2_max_2022,ndvi_s2_int_2022,ndvi_s2_media_sep_oct_2022,ndvi_s2_max_2023,ndvi_s2_int_2023,ndvi_s2_media_sep_oct_2023,ndvi_s2_max_2024,ndvi_s2_int_2024,ndvi_s2_media_sep_oct_2024,crc_s2_media_2022,crc_s2_media_2023,crc_s2_media_2024,vi6t_landsat_max_2022,vi6t_landsat_max_2023,vi6t_landsat_max_2024,lluvia_ciclo_mm_2022,lluvia_ciclo_mm_2023,lluvia_ciclo_mm_2024,ndvi_s2_max_hist_media,ndvi_s2_int_hist_media,ndvi_s2_media_sep_oct_hist_media,crc_s2_media_hist_media,vi6t_landsat_max_hist_media,lluvia_ciclo_mm_hist_media,estado,sg_nitrogen_0-5cm_mean,edaf_grupo,sg_cec_0-5cm_mean,sg_silt_0-5cm_mean
AGC_001,ENTRENAMIENTO,3.5,7.61,70.9365,0.6277,0.3024,-0.596,3.142,1360.9191226959229,3.039547547321454,2708.937488097546,0.572,67.34,0.46659999999999996,0.597,62.4,0.35133333333333333,0.683,66.04,0.5812,0.3488846153846154,0.3478148148148148,0.28632,-0.554,-0.531,-0.608,864.134204864502,760.2821846008301,1295.2941226959229,0.6173333333333333,65.26,0.4663777777777778,0.3276731433998101,-0.5643333333333334,973.236837387085,Tlaxcala,2.9654532358167547,Phaeozem,25.83061785237128,29.376331388784138
AGC_002,ENTRENAMIENTO,4.63,2.31,91.6625,0.447,0.3757096774193549,-0.58,2.805,961.35080909729,0.5975071106380666,2611.461294672004,0.693,77.855,0.491,0.486,57.88,0.2724285714285714,0.704,71.35,0.6308,0.34230434782608693,0.38073913043478264,0.35816,-0.541,-0.523,-0.592,516.0190601348877,571.0173530578613,992.8766441345215,0.6276666666666666,69.02833333333334,0.4647428571428571,0.36040115942028983,-0.552,693.3043524424235,Puebla,3.47,Planosol,27.536937222274236,28.600643174543727
AGC_003,PREDICCION,,18.68,84.009,0.5845,0.34796875,-0.612,3.126,1335.0902252197266,2.2784374573396216,2642.6009501463227,0.644,69.51,0.611,0.642,51.464999999999996,0.38116666666666665,0.66,67.79,0.48124999999999996,0.4276190476190476,0.3373181818181818,0.39894117647058824,-0.563,-0.543,-0.608,621.6697158813477,607.8970184326172,1117.1492729187012,0.6486666666666667,62.92166666666667,0.49113888888888885,0.3879594686359392,-0.5713333333333334,782.2386690775553,Hidalgo,2.752278787391244,Umbrisol,23.418261119105505,29.921936813427124
AGC_004,ENTRENAMIENTO,3,8,67.527,0.49766666666666665,0.36088888888888887,-0.616,2.599,887.9460887908936,1.3451827115764228,2564.1995983111897,0.634,64.915,0.3095,0.525,56.03,0.26585714285714285,0.671,68.1525,0.4565,0.3765,0.40014814814814814,0.35051724137931034,-0.574,-0.575,-0.613,543.5141906738281,521.8285694122314,800.2204971313477,0.61,63.032500000000006,0.34395238095238095,0.37572179650915283,-0.5873333333333333,621.8544190724691,Tlaxcala,2.5018169447512646,Phaeozem,24.363167910116324,27.415497280985335
AGC_005,ENTRENAMIENTO,5.16,2.27,94.3275,0.7322,0.4132,-0.611,3.345,793.7303228378296,1.4320193173199771,2623.981209473153,0.699,84.07000000000001,0.38575000000000004,0.554,69.81,0.284625,0.73,84.48,0.5756,0.3917727272727273,0.4636363636363636,0.42254166666666665,-0.573,-0.597,-0.589,442.7937717437744,479.3665199279785,852.943962097168,0.661,79.45333333333333,0.415325,0.42598358585858587,-0.5863333333333333,591.7014179229736,Puebla,3.5115440931224877,Planosol,27.643523234367358,27.9395459527014
AGC_006,ENTRENAMIENTO,4.49,3.84,84.25150000000001,0.55725,0.3864444444444444,-0.561,2.993,793.7303228378296,2.4128724188578685,2894.1334699510753,0.419,43.62,0.4023333333333333,0.228,35.0875,0.19242857142857142,0.735,75.7925,0.6216,0.337,0.36136842105263156,0.3192857142857143,-0.542,-0.482,-0.557,442.7937717437744,479.3665199279785,852.943962097168,0.46066666666666667,51.5,0.4054539682539683,0.339218045112782,-0.527,591.7014179229736,Puebla,3.603994219356281,Phaeozem,26.287548383358693,29.62307755441185
AGC_007,ENTRENAMIENTO,3.5,2.87,84.411,0.457375,0.2696363636363636,-0.616,3.663,1274.5569305419922,3.607715046809161,2762.1503539093906,0.581,66.7525,0.49675,0.398,39.52,0.2521111111111111,0.784,78.83,0.5535,0.298,0.27507692307692305,0.3296,-0.593,-0.544,-0.632,573.2268009185791,526.2208614349365,1000.8445796966553,0.5876666666666667,61.700833333333335,0.4341203703703704,0.3008923076923077,-0.5896666666666667,700.0974140167236,Hidalgo,3.111119583782145,Umbrisol,25.725869441452364,29.011086903479587
AGC_008,ENTRENAMIENTO,4.55,10.77,76.877,0.49142857142857144,0.36906451612903224,-0.6,2.647,961.35080909729,2.948304181729892,2614.8365568344702,0.705,75.1775,0.2784,0.601,59.5475,0.22175,0.666,71.65,0.489,0.38325,0.3996521739130435,0.35785185185185187,-0.556,-0.534,-0.617,516.0190601348877,571.0173530578613,992.8766441345215,0.6573333333333333,68.79166666666667,0.32971666666666666,0.3802513419216318,-0.5690000000000001,693.3043524424235,Puebla,3.034989833368116,Phaeozem,26.528857117693057,28.57241350383564
AGC_009,ENTRENAMIENTO,4.79,0.38,78.603,0.42075,0.30076470588235293,-0.632,2.479,1046.5036239624023,7.428509088102471,2640.8882224119325,0.404,52.745,0.3215,0.34,47.57,0.22342857142857142,0.636,73.06,0.459,0.28875,0.27022727272727276,0.2544090909090909,-0.599,-0.631,-0.631,534.9626350402832,605.3766250610352,1027.1596298217773,0.46,57.791666666666664,0.33464285714285713,0.2711287878787879,-0.6203333333333333,722.4996299743652,Hidalgo,3.29,Phaeozem,25.3,30.8
AGC_010,ENTRENAMIENTO,4.1,7.27,85.2175,0.5017142857142858,0.3155588235294118,-0.601,2.53,961.35080909729,0.45213028073430866,2602.364856680349,0.551,71.07249999999999,0.43766666666666665,0.531,57.0375,0.2603333333333333,0.69,72.78999999999999,0.6036,0.37026315789473685,0.3794444444444444,0.32269230769230767,-0.516,-0.512,-0.6,516.0190601348877,571.0173530578613,992.8766441345215,0.5906666666666667,66.96666666666667,0.4338666666666667,0.357466636677163,-0.5426666666666666,693.3043524424235,Puebla,3.4184500164850893,Phaeozem,27.893155693019224,31.057954999924924
AGC_011,PREDICCION,,7.17,82.2045,0.493875,0.34596875,-0.6,2.479,793.7303228378296,4.222894201039296,2722.530574593613,0.482,64.2075,0.4145,0.463,50.0075,0.329375,0.623,70.2025,0.4598,0.3967272727272727,0.3885,0.34042307692307694,-0.549,-0.525,-0.584,442.7937717437744,479.3665199279785,852.943962097168,0.5226666666666666,61.4725,0.401225,0.3752167832167832,-0.5526666666666666,591.7014179229736,Puebla,3.126856001441908,Phaeozem,23.81574824152386,30.14594378107452
AGC_012,ENTRENAMIENTO,4.69,4.08,89.5995,0.6203333333333333,0.34935483870967743,-0.599,2.901,793.7303228378296,5.512204900990482,2884.796552991907,0.531,62.277499999999996,0.4816666666666667,0.429,59.4675,0.28075,0.624,76.045,0.6025,0.36327777777777776,0.3693636363636364,0.35623809523809524,-0.587,-0.542,-0.599,442.7937717437744,479.3665199279785,852.943962097168,0.528,65.93,0.4549722222222222,0.3629598364598365,-0.576,591.7014179229736,Puebla,3.5372942381187333,Phaeozem,24.993067252820925,30.9772820223768
AGC_013,ENTRENAMIENTO,4.01,5.6,89.058,0.6981666666666666,0.32426666666666665,-0.576,3.239,793.7303228378296,2.8526420938732526,2901.2919699919216,0.42,50.9525,0.3913333333333333,0.404,49.345,0.250125,0.701,68.2225,0.58725,0.3793888888888889,0.3686086956521739,0.3171904761904762,-0.549,-0.491,-0.564,442.7937717437744,479.3665199279785,852.943962097168,0.5083333333333333,56.17333333333333,0.40956944444444443,0.355062686910513,-0.5346666666666666,591.7014179229736,Puebla,3.8963534879036565,Phaeozem,26.649233524725133,30.05545116792058
AGC_014,ENTRENAMIENTO,4.83,7.44,95.9925,0.4825,0.3429333333333333,-0.601,2.904,924.4160351217532,0.677175531233725,2602.6342506765995,0.766,81.345,0.24,0.346,48.1375,0.1982857142857143,0.62,72.53,0.4314,0.38205,0.395375,0.31425000000000003,-0.523,-0.561,-0.61,518.9381619067655,540.3373972356356,985.5731893334635,0.5773333333333334,67.3375,0.2898952380952381,0.36389166666666667,-0.56466666666666665,681.6162494919548,Puebla,3.6657148165645963,Phaeozem,28.139764321484527,31.914863079828685
AGC_015,ENTRENAMIENTO,2.64,1.97,78.9215,0.5805,0.376,-0.588,2.701,793.7303228378296,2.917908545049088,2670.9745184692188,0.628,70.18,0.40249999999999997,0.343,48.7,0.23775,0.639,75.69500000000001,0.55125,0.3470416666666667,0.38429166666666664,0.37656,-0.572,-0.542,-0.597,442.7937717437744,479.3665199279785,852.943962097168,0.5366666666666666,64.85833333333333,0.39716666666666667,0.3692977777777778,-0.5703333333333334,591.7014179229736,Puebla,3.1760081040601897,Planosol,26.70979696236198,27.657987898992737
AGC_016,PREDICCION,,7.47,83.8595,0.4231666666666667,0.36035483870967744,-0.595,2.832,961.35080909729,0.5574679189867917,2611.5379527673363,0.796,84.275,0.3388,0.313,43.375,0.2112857142857143,0.782,78.1925,0.485,0.3576521739130435,0.3733913043478261,0.356875,-0.59,-0.541,-0.605,516.0190601348877,571.0173530578613,992.8766441345215,0.6303333333333334,68.61416666666666,0.3450285714285714,0.36263949275362317,-0.5786666666666667,693.3043524424235,Puebla,3.5161116922912403,Planosol,27.12557502452694,27.918477896694384
AGC_017,ENTRENAMIENTO,4.98,1.6,80.04299999999999,0.5261,0.3368285714285714,-0.595,2.607,793.7303228378296,4.736939010551105,2657.3328529241985,0.598,70.935,0.3685,0.479,51.54,0.2885,0.591,67.6375,0.47900000000000004,0.401,0.3823846153846154,0.35032142857142856,-0.564,-0.519,-0.59,442.7937717437744,479.3665199279785,852.943962097168,0.5559999999999999,63.37083333333334,0.37866666666666665,0.3779020146520147,-0.5576666666666666,591.7014179229736,Puebla,3.3682597661960307,Planosol,26.695027140494155,27.928314182457523
AGC_018,ENTRENAMIENTO,4.49,1.67,88.30850000000001,0.4891428571428571,0.387125,-0.618,2.77,961.35080909729,2.0023127998936245,2619.264515737434,0.677,73.2225,0.387,0.538,59.695,0.2847142857142857,0.732,79.8725,0.5346666666666666,0.38522727272727275,0.4409130434782609,0.37292000000000003,-0.522,-0.578,-0.624,516.0190601348877,571.0173530578613,992.8766441345215,0.649,70.93,0.4021269841269841,0.3996867720685112,-0.5746666666666667,693.3043524424235,Puebla,2.868245626866868,Phaeozem,27.3272623142473,30.878362101597855
AGC_019,ENTRENAMIENTO,3,5.65,75.836,0.3322857142857143,0.34347058823529414,-0.592,3.207,1074.463642120361,2.6479885558682303,2585.190830693939,0.538,60.1925,0.352,0.677,56.597500000000004,0.4279,0.776,74.10000000000001,0.52325,0.36646153846153845,0.35774193548387095,0.331,-0.574,-0.568,-0.603,661.6120376586914,609.7914009094238,966.4598865509033,0.6636666666666667,63.63,0.43438333333333334,0.35173449131513645,-0.5816666666666667,745.9544417063395,Tlaxcala,2.863871134988757,Phaeozem,27.71781652461572,28.976319722420733
AGC_020,ENTRENAMIENTO,3.5,8.34,79.7215,0.3528181818181818,0.3581621621621622,-0.599,3.464,834.4776458740234,0.5613961138745913,2528.9248280685792,0.58,58.735,0.4298571428571428,0.729,63.2225,0.4716,0.804,76.2275,0.47383333333333333,0.3385357142857143,0.3896296296296296,0.34,-0.567,-0.527,-0.609,495.5309009552002,475.41568756103516,733.5465536117554,0.7043333333333334,66.06166666666667,0.45843015873015874,0.35605511463844797,-0.5676666666666667,568.1643807093302,Hidalgo,2.8655401261692095,Phaeozem,25.323814910976843,28.395386722517905
AGC_021,ENTRENAMIENTO,4.94,2.86,72.307,0.5994444444444444,0.33790909090909094,-0.587,2.55,793.7303228378296,2.079852304886478,2753.478024970821,0.441,49.3675,0.39775,0.464,47.03,0.2885,0.608,59.2325,0.377,0.3983888888888889,0.4030416666666667,0.34944444444444445,-0.533,-0.529,-0.577,442.7937717437744,479.3665199279785,852.943962097168,0.5043333333333333,51.876666666666665,0.35441666666666666,0.383625,-0.5463333333333333,591.7014179229736,Puebla,3.322228906490912,Phaeozem,24.650255448505646,29.909872516625256
AGC_022,ENTRENAMIENTO,4.55,11.99,74.885,0.40814285714285714,0.3760909090909091,-0.607,2.293,961.35080909729,1.1267926563997988,2620.9683832026417,0.541,70.02250000000001,0.359,0.6,62.427499999999995,0.221,0.724,72.595,0.42100000000000004,0.3957894736842105,0.44752380952380955,0.38292,-0.595,-0.517,-0.597,516.0190601348877,571.0173530578613,992.8766441345215,0.6216666666666667,68.34833333333333,0.33366666666666667,0.40874442773600667,-0.5696666666666667,693.3043524424235,Puebla,3.226225154344839,Phaeozem,25.170907707097623,29.0755581475763
AGC_023,ENTRENAMIENTO,3,7.72,74.7225,0.4228,0.3634871794871795,-0.618,2.761,770.9277410507202,1.76618094686929,2502.4572989583744,0.633,64.855,0.34500000000000003,0.724,54.905,0.2808888888888889,0.648,64.885,0.41140000000000004,0.3639642857142857,0.4146896551724138,0.36860714285714286,-0.571,-0.556,-0.607,460.788724899292,431.61855125427246,683.358883857727,0.6683333333333333,61.54833333333334,0.345762962962963,0.3824203612479474,-0.578,525.2553866704305,Tlaxcala,2.4142057336927296,Phaeozem,25.89041627068956,32.08395272538081
AGC_024,ENTRENAMIENTO,3.03,11.53,82.22,0.631,0.3575,-0.606,3.165,961.35080909729,0.7059169428409586,2630.5238309739075,0.654,71.1425,0.316,0.6,58.7525,0.22775,0.675,70.1675,0.405,0.37433333333333335,0.3968260869565217,0.35084615384615386,-0.527,-0.528,-0.604,516.0190601348877,571.0173530578613,992.8766441345215,0.643,66.6875,0.31625000000000003,0.3740018580453363,-0.553,693.3043524424235,Puebla,2.9952062310772214,Phaeozem,26.816395744267755,29.15969757626136
AGC_025,PREDICCION,,2,75.8775,0.5602222222222222,0.3294102564102564,-0.624,2.674,887.9460887908936,0.8714984541259005,2538.4613167877205,0.684,68.8025,0.419,0.713,60.2975,0.29388888888888887,0.749,73.235,0.4446,0.37626923076923074,0.40525,0.3424285714285714,-0.579,-0.574,-0.608,543.5141906738281,521.8285694122314,800.2204971313477,0.7153333333333334,67.445,0.38582962962962963,0.3746492673992674,-0.587,621.8544190724691,Tlaxcala,2.2567990130178055,Phaeozem,24.03844609342881,27.411914425893816
AGC_026,ENTRENAMIENTO,3.55,5.49,77.3335,0.535,0.3453125,-0.579,2.53,864.0992128634313,0.7896812378366987,2617.5413230896083,0.669,72.5175,0.2515,0.439,53.417500000000004,0.23928571428571427,0.567,63.495,0.3476,0.28582608695652173,0.39452173913043476,0.34842307692307695,-0.564,-0.506,-0.559,473.5345384655175,517.8425292821603,911.6892129493338,0.5583333333333333,63.14333333333333,0.27946190476190474,0.34292363433667783,-0.543,634.3554268990039,Puebla,3.491666720492987,Planosol,27.47618774627781,28.380689231980444
AGC_027,PREDICCION,,8.46,78.072,0.4078,0.3374864864864865,-0.607,3.235,887.9460887908936,1.413340783772319,2608.156047547583,0.627,79.4775,0.421,0.561,60.5225,0.2838888888888889,0.748,82.035,0.5748333333333333,0.36968,0.3955862068965517,0.34113793103448276,-0.593,-0.573,-0.603,543.5141906738281,521.8285694122314,800.2204971313477,0.6453333333333333,74.01166666666667,0.42657407407407405,0.36880137931034485,-0.5896666666666667,621.8544190724691,Tlaxcala,2.5210943033831295,Phaeozem,26.802606607281792,26.231816364788283
AGC_028,PREDICCION,,1.86,70.8055,0.48683333333333334,0.35269696969696973,-0.59,2.297,961.35080909729,7.699088835670559,2653.7104271495227,0.565,71.3575,0.47575,0.367,53.57,0.23683333333333334,0.564,65.7375,0.46225,0.35905555555555557,0.3986818181818182,0.337037037037037,-0.543,-0.55,-0.605,516.0190601348877,571.0173530578613,992.8766441345215,0.49866666666666665,63.555,0.39161111111111113,0.3649248035914703,-0.5660000000000001,693.3043524424235,Puebla,3.511671395078291,Phaeozem,26.07454542797971,29.990984084532965
AGC_029,PREDICCION,,5.9,65.2275,0.54125,0.3171428571428571,-0.585,2.859,1360.9191226959229,3.3253658188316555,2692.9996805010837,0.624,67.0625,0.35300000000000004,0.597,62.3175,0.3224444444444444,0.59,57.835,0.524,0.335,0.37148148148148147,0.29842857142857143,-0.557,-0.541,-0.59,864.134204864502,760.2821846008301,1295.2941226959229,0.6036666666666667,62.405,0.39981481481481485,0.3349700176366843,-0.5626666666666666,973.236837387085,Tlaxcala,2.867308642900842,Phaeozem,26.258438902190637,28.28839869539356
AGC_030,PREDICCION,,13.05,75.478,0.5284285714285715,0.3138666666666667,-0.631,2.416,1274.5569305419922,1.910256782333632,2766.1422852380083,0.53,65.095,0.4395,0.498,50.585,0.294,0.741,78.7225,0.531,0.3083157894736842,0.29624,0.29535,-0.598,-0.557,-0.625,573.2268009185791,526.2208614349365,1000.8445796966553,0.5896666666666667,64.80083333333333,0.4215,0.2999685964912281,-0.5933333333333334,700.0974140167236,Hidalgo,3.0378449293761105,Umbrisol,25.578920838688365,28.36673126258598
AGC_031,PREDICCION,,1.98,83.3265,0.518,0.30178787878787877,-0.6,2.507,961.35080909729,0.45906891012355255,2604.2849225602595,0.615,77.7225,0.44275,0.619,73.7625,0.35325,0.642,79.1675,0.5444,0.3596,0.41763636363636364,0.3596153846153846,-0.584,-0.517,-0.61,516.0190601348877,571.0173530578613,992.8766441345215,0.6253333333333333,76.88416666666667,0.4468,0.37895058275058274,-0.5703333333333334,693.3043524424235,Puebla,3.3797178665087735,Phaeozem,27.018081347779763,29.00244723424032
AGC_032,ENTRENAMIENTO,4.03,1.44,81.619,0.47814285714285715,0.36005714285714285,-0.6,2.941,961.35080909729,5.4540083676600535,2639.504491962996,0.744,76.5925,0.41859999999999997,0.382,51.53,0.24357142857142858,0.736,78.8325,0.6146666666666667,0.38266666666666665,0.421375,0.38768,-0.605,-0.554,-0.602,516.0190601348877,571.0173530578613,992.8766441345215,0.6206666666666667,68.985,0.42561269841269844,0.39724055555555554,-0.587,693.3043524424235,Puebla,3.37911705735974,Phaeozem,25.995585286798708,30.022073566006497
AGC_033,ENTRENAMIENTO,4.47,21.04,75.2825,0.5633333333333334,0.3634516129032258,-0.584,2.45,826.9673471215851,5.84849920681481,2758.331292690388,0.495,58.0525,0.4115,0.387,43.54,0.23857142857142857,0.637,70.525,0.5214,0.3308421052631579,0.3724782608695652,0.35953846153846153,-0.572,-0.503,-0.585,460.8812988370116,506.4070106702697,901.014205223544,0.5063333333333333,57.3725,0.39049047619047617,0.35428627589039485,-0.5533333333333333,622.7675049102751,Puebla,3.426060666783408,Phaeozem,25.527927421378756,29.224720219292472
AGC_034,ENTRENAMIENTO,2,8.09,71.433,0.44942857142857146,0.3041875,-0.629,2.285,1335.0902252197266,1.521904373572137,2690.848138930221,0.593,66.9,0.41700000000000004,0.615,53.612500000000004,0.27616666666666667,0.678,71.875,0.492,0.3215,0.30745833333333333,0.3018181818181818,-0.436,-0.587,-0.621,621.6697158813477,607.8970184326172,1117.1492729187012,0.6286666666666667,64.12916666666666,0.39505555555555555,0.3102588383838384,-0.548,782.2386690775553,Hidalgo,3.1292744622105406,Umbrisol,26.848000611855877,30.18472036192685
AGC_035,ENTRENAMIENTO,4.68,23.8,78.9585,0.578,0.3383529411764706,-0.578,3.109,945.3030643463136,0.287670785756005,2527.7254844037975,0.651,70.2025,0.29919999999999997,0.563,58.705,0.18555555555555556,0.671,74.595,0.3906,0.3607391304347826,0.3995185185185185,0.36012,-0.589,-0.545,-0.589,484.19910049438477,475.1905174255371,865.9242210388184,0.6283333333333333,67.83416666666666,0.29178518518518515,0.373459216317767,-0.5743333333333334,608.4379463195801,Hidalgo,2.6251331770505213,Umbrisol,23.549851143933918,28.55082137423912
AGC_036,PREDICCION,,5,83.461,0.4262222222222222,0.34493939393939393,-0.584,2.363,961.35080909729,0.6904861587080698,2613.814304949556,0.736,77.0125,0.33075,0.451,56.375,0.27125,0.699,67.6125,0.5764,0.32256521739130434,0.41104545454545455,0.3252307692307692,-0.586,-0.515,-0.577,516.0190601348877,571.0173530578613,992.8766441345214,0.6286666666666667,67,0.3928,0.3529471470558427,-0.5593333333333333,693.3043524424235,Puebla,3.4866603939387835,Planosol,27.38306719830345,28.91048640972727
AGC_037,ENTRENAMIENTO,3.5,2.66,74.468,0.4689,0.3224054054054054,-0.616,2.913,887.9460887908936,1.739001309293067,2613.5776599253095,0.608,74.185,0.397,0.528,57.0675,0.28944444444444445,0.708,67.4225,0.35975,0.37653333333333333,0.38682758620689656,0.3527777777777778,-0.595,-0.576,-0.609,543.5141906738281,521.8285694122314,800.2204971313477,0.6146666666666667,66.225,0.3487314814814815,0.3720462324393359,-0.5933333333333333,621.8544190724691,Tlaxcala,2.522257265075124,Phaeozem,26.813543590450745,26.9
AGC_038,ENTRENAMIENTO,3.3,3.28,79.0115,0.4673,0.3172857142857143,-0.617,2.731,1335.0902252197266,4.25548437152683,2707.258961994019,0.58,68.255,0.44525000000000003,0.558,49.98500000000001,0.2598333333333333,0.766,78.9225,0.5222,0.33343478260869563,0.2788333333333333,0.30838095238095237,-0.584,-0.56,-0.614,621.6697158813477,607.8970184326172,1117.1492729187012,0.6346666666666667,65.72083333333333,0.4090944444444444,0.3068830227743271,-0.586,782.2386690775553,Hidalgo,2.8701757483826076,Umbrisol,27.143919754371286,30.747331598799082
AGC_039,PREDICCION,,7.71,68.512,0.3413,0.3248888888888889,-0.585,2.79,1074.463642120361,5.42157907664003,2638.902930716172,0.58,60.5525,0.3396,0.674,55.95,0.4,0.786,69.0825,0.44775,0.34355555555555556,0.3624,0.3233333333333333,-0.555,-0.509,-0.612,661.6120376586914,609.7914009094238,966.4598865509033,0.68,61.861666666666665,0.3957833333333333,0.3430962962962963,-0.5586666666666666,745.9544417063395,Tlaxcala,2.8077008973823148,Phaeozem,27.78253201772261,28.046365880083783
AGC_040,ENTRENAMIENTO,3,5.46,76.2165,0.5815833333333333,0.3248809523809524,-0.621,2.915,887.9460887908936,1.0719932145945723,2532.505230013486,0.637,67.895,0.41174999999999995,0.663,57.44,0.3051111111111111,0.82,76.47749999999999,0.48760000000000003,0.39576923076923076,0.3747142857142857,0.3467586206896552,-0.568,-0.574,-0.608,543.5141906738281,521.8285694122314,800.2204971313477,0.7066666666666667,67.27083333333333,0.40148703703703703,0.3724140457243906,-0.5833333333333333,621.8544190724691,Tlaxcala,2.183041682513003,Phaeozem,23.67298335066024,28.810172845697856
AGC_041,ENTRENAMIENTO,2.5,25.13,80.2845,0.443,0.3028235294117647,-0.63,2.403,1140.1180751356171,2.789745793313818,2701.378960955659,0.561,66.07000000000001,0.4788,0.483,44.262499999999996,0.22525,0.687,70.9175,0.45633333333333337,0.32661904761904764,0.3242083333333333,0.30835,-0.577,-0.559,-0.63,559.043608249172,533.7611985285627,994.6733439926438,0.5770000000000001,60.41666666666667,0.38679444444444444,0.3197257936507937,-0.5886666666666667,695.8260502567929,Hidalgo,2.8775186418797283,Umbrisol,27.192737546338765,29.39539795031684
AGC_042,PREDICCION,,3.81,79.66,0.4968,0.31419444444444444,-0.633,2.73,1290.7507311175605,3.8911515580161664,2691.465811970691,0.569,67.46000000000001,0.44475,0.67,55.432500000000005,0.26357142857142857,0.651,75.07249999999999,0.53575,0.3488095238095238,0.3044,0.3316,-0.573,-0.579,-0.625,607.4276309025413,591.0374579878202,1089.296470731663,0.63,65.98833333333333,0.41469047619047616,0.32826984126984127,-0.5923333333333333,762.5871865406748,Hidalgo,3.0762157530635648,Umbrisol,27.09640902852352,29.621038027272398
AGC_043,PREDICCION,,7.15,84.582,0.7018333333333333,0.3528125,-0.606,2.846,961.2017663135872,0.6312577242612539,2605.3413541146683,0.759,78.555,0.261,0.535,57.6275,0.235875,0.578,73.135,0.4382,0.389578947368421,0.41834615384615387,0.3626666666666667,-0.55,-0.534,-0.615,516.0308395775961,570.8935503232717,992.8471725250588,0.624,69.77250000000001,0.31169166666666664,0.3901972559604139,-0.5663333333333334,693.2571874753089,Puebla,3.4383919061677863,Phaeozem,27.983920513634352,31.137775265236616
AGC_044,ENTRENAMIENTO,3.5,0.68,71.6465,0.36254545454545456,0.35735897435897435,-0.595,2.747,834.4776458740234,0.34886233714736486,2529.9936251999734,0.554,56.765,0.432,0.727,57.2475,0.3994,0.793,70.7075,0.3992,0.3346071428571429,0.3851538461538462,0.33641379310344827,-0.562,-0.512,-0.603,495.5309009552002,475.41568756103516,733.5465536117554,0.6913333333333334,61.57333333333333,0.4102,0.35205826070481244,-0.559,568.1643807093302,Hidalgo,2.8696854802296445,Phaeozem,24.440887570146188,26.47862994258882
AGC_045,ENTRENAMIENTO,4.1,1.49,87.653,0.545,0.367375,-0.617,2.802,961.35080909729,1.58399072072652,2617.0172286920592,0.721,73.745,0.3913333333333333,0.574,63.64,0.2776666666666667,0.747,84.9375,0.5366666666666666,0.3641739130434783,0.43182608695652175,0.39429166666666665,-0.528,-0.567,-0.627,516.0190601348877,571.0173530578613,992.8766441345215,0.6806666666666666,74.1075,0.40188888888888885,0.3967638888888889,-0.574,693.3043524424235,Puebla,2.8968470677580367,Phaeozem,27.39626895861735,31.055596562073976
AGC_046,ENTRENAMIENTO,3,7.92,71.441,0.4369,0.311,-0.584,3.087,1074.463642120361,1.8373901554363097,2653.676867689585,0.644,67.025,0.36514285714285716,0.611,63.0875,0.338,0.691,63.29,0.5604,0.31666666666666665,0.355,0.32107407407407407,-0.568,-0.532,-0.593,661.6120376586914,609.7914009094238,966.4598865509033,0.6486666666666666,64.4675,0.4211809523809524,0.3309135802469136,-0.5643333333333334,745.9544417063395,Tlaxcala,2.6557305291556834,Phaeozem,25.561162596965005,26.989904352866024
AGC_047,ENTRENAMIENTO,4.45,64.3,80.8265,0.5382857142857143,0.37023529411764705,-0.607,3.074,805.1693305969238,0.5147665687968904,2527.9600310073815,0.64,67.455,0.32116666666666666,0.6,61.08,0.2571428571428572,0.615,67.9675,0.4782,0.3715,0.3960740740740741,0.32517857142857143,-0.563,-0.532,-0.621,424.4489116668701,404.6186752319336,756.9280281066895,0.6183333333333333,65.50083333333333,0.3521698412698413,0.36425088183421517,-0.572,528.665205001831,Hidalgo,2.6596676519474585,otros,24.127752886756348,28.169944696584515
AGC_048,ENTRENAMIENTO,2.5,8.29,76.348,0.5599,0.333375,-0.61,3.199,927.5942473269544,4.350358134918051,2563.582950837307,0.675,69.94,0.3288333333333333,0.629,61.32,0.341,0.771,69.735,0.5556,0.32548275862068965,0.32992857142857146,0.33089285714285716,-0.586,-0.573,-0.598,572.9411033649037,541.6080303292525,849.0491465067854,0.6916666666666667,66.99833333333333,0.4084777777777778,0.3287680623973728,-0.5856666666666667,654.5327600669806,Tlaxcala,3.015726437776978,Phaeozem,26.41937358276909,26.73953467509898
AGC_049,ENTRENAMIENTO,5.53,0.87,80.072,0.6074,0.3502258064516129,-0.604,2.672,793.7303228378296,7.417681176582453,2859.481227771415,0.478,53.3925,0.407,0.37,52.4225,0.23922222222222222,0.635,75.915,0.617,0.3610952380952381,0.31270833333333337,0.3621904761904762,-0.589,-0.529,-0.606,442.7937717437744,479.3665199279785,852.943962097168,0.49433333333333335,60.57666666666667,0.42107407407407405,0.3453313492063492,-0.5746666666666667,591.7014179229736,Puebla,3.55355601268589,Phaeozem,24.37780063429453,31.199999999999996
AGC_050,PREDICCION,,2.42,79.3665,0.4025714285714286,0.35825,-0.589,3.197,1074.463642120361,2.9811235177839532,2601.5827070917894,0.577,63.0225,0.4115,0.566,55.14,0.3432,0.79,76.4975,0.5349999999999999,0.3505714285714286,0.3843225806451613,0.3383793103448276,-0.568,-0.558,-0.602,661.6120376586914,609.7914009094238,966.4598865509033,0.6443333333333333,64.88666666666667,0.42989999999999995,0.35775777318713914,-0.576,745.9544417063395,Tlaxcala,2.838548154563558,Phaeozem,27.864443278722927,27.730612373315886
AGC_051,ENTRENAMIENTO,4.45,11.12,88.26350000000001,0.46122222222222226,0.37809375,-0.613,2.827,740.4930205870243,4.510134434538898,2748.939795790499,0.81,78.6025,0.5836666666666667,0.488,55.8975,0.25583333333333336,0.719,73.3475,0.522,0.31369565217391304,0.3827083333333333,0.34342307692307694,-0.543,-0.605,-0.632,433.13079990022106,400.64476305642637,741.4930686776044,0.6723333333333333,69.2825,0.45383333333333337,0.34660902081010775,-0.5933333333333334,525.089543878084,Hidalgo,3.321643502407724,otros,25.19998797675238,31.917788333505467
AGC_052,PREDICCION,,6.23,84.9985,0.4494444444444444,0.3545151515151515,-0.614,2.903,1046.5036239624023,6.0774152100815115,2626.7706233081612,0.404,55.07,0.34875,0.468,53.5175,0.23514285714285715,0.683,77.435,0.5325,0.3887,0.3082857142857143,0.31769565217391305,-0.562,-0.604,-0.6,534.9626350402832,605.3766250610352,1027.1596298217773,0.5183333333333333,62.0075,0.3721309523809524,0.3382271221532091,-0.5886666666666667,722.4996299743652,Hidalgo,3.2799241220702053,Phaeozem,25.380188854579018,30.834327025830902
AGC_053,ENTRENAMIENTO,3.5,8.54,63.626,0.525,0.3579722222222222,-0.609,2.373,887.9460887908936,1.5819479419505451,2589.119435285249,0.671,62.645,0.205,0.446,53.37,0.2692,0.733,68.1525,0.4564,0.3624137931034483,0.38503225806451613,0.338,-0.574,-0.574,-0.612,543.5141906738281,521.8285694122314,800.2204971313477,0.6166666666666667,61.38916666666667,0.3102,0.3618153503893215,-0.5866666666666667,621.8544190724691,Tlaxcala,2.430598016569175,Phaeozem,26.00852602535728,27.097959205621795
AGC_054,ENTRENAMIENTO,2.5,2.01,69.8365,0.42044444444444445,0.32558333333333334,-0.599,2.591,1059.8037815093994,2.162278932252798,2644.794082408528,0.567,58.47,0.221,0.425,51.1075,0.26322222222222225,0.726,74.14750000000001,0.516,0.32965384615384613,0.37442857142857144,0.32425925925925925,-0.574,-0.542,-0.607,671.0671844482422,607.5640144348145,1011.8716640472412,0.5726666666666667,61.24166666666667,0.33340740740740743,0.3427805589472256,-0.5743333333333334,763.5009543100992,Tlaxcala,2.694823039070646,Phaeozem,26.30040328721852,27.75944041491067
AGC_055,ENTRENAMIENTO,5.45,1.37,82.05,0.5238571428571429,0.36553125,-0.603,2.416,793.7303228378296,3.714152773499012,2729.316296599203,0.456,60.64,0.38875,0.405,50.5,0.3028571428571429,0.657,75.3375,0.46225,0.406,0.38816,0.3874444444444444,-0.591,-0.554,-0.605,442.7937717437744,479.3665199279785,852.943962097168,0.506,62.15916666666667,0.38461904761904764,0.39386814814814813,-0.5833333333333334,591.7014179229736,Puebla,3.3342699363794877,Phaeozem,25.7,28.84269936379488
AGC_056,ENTRENAMIENTO,5.07,3.65,72.1625,0.5006666666666667,0.3540967741935484,-0.582,2.598,793.7303228378296,2.8707233609843303,2745.1607671027864,0.433,53.37,0.40549999999999997,0.496,48.574999999999996,0.320375,0.561,65.2425,0.46625,0.3381904761904762,0.38008333333333333,0.3685,-0.524,-0.529,-0.583,442.7937717437744,479.3665199279785,852.943962097168,0.4966666666666667,55.729166666666664,0.397375,0.36225793650793653,-0.5453333333333333,591.7014179229736,Puebla,3.1112628239320173,Phaeozem,24.667020259196647,29.21479924477532
AGC_057,ENTRENAMIENTO,4.55,0.63,72.7235,0.5297142857142857,0.33640625,-0.586,2.529,793.7303228378296,8.243090782027208,2729.5863766393045,0.395,57.3825,0.35625,0.369,49.13,0.24271428571428572,0.645,66.345,0.58875,0.3223,0.33249999999999996,0.30954166666666666,-0.574,-0.524,-0.587,442.7937717437744,479.3665199279785,852.943962097168,0.4696666666666667,57.619166666666665,0.3959047619047619,0.3214472222222222,-0.5616666666666666,591.7014179229736,Puebla,3.535664483293335,Phaeozem,27.337737315461908,30.364161208233337
AGC_058,ENTRENAMIENTO,2.5,7.7,70.26350000000001,0.5301111111111111,0.3427941176470588,-0.611,3.101,887.9460887908936,1.904522828809339,2620.482752403701,0.604,73.58,0.3736,0.558,58.93,0.26566666666666666,0.724,72.2775,0.5176000000000001,0.3798888888888889,0.3778214285714286,0.33875,-0.586,-0.577,-0.606,543.5141906738281,521.8285694122314,800.2204971313477,0.6286666666666667,68.2625,0.38562222222222226,0.36548677248677247,-0.5896666666666667,621.8544190724691,Tlaxcala,2.5550269953010956,Phaeozem,26.98495052949942,26.579913987718818
AGC_059,ENTRENAMIENTO,4.41,19.53,92.6965,0.503125,0.33888235294117647,-0.583,2.737,853.5066448849767,3.2104276061865225,2644.4842025331563,0.673,76.96,0.37325,0.556,67.6975,0.30466666666666664,0.729,80.685,0.5871666666666666,0.35405,0.3666923076923077,0.3442,-0.599,-0.584,-0.62,497.68793931931754,497.0209654075913,917.6070944181183,0.6526666666666667,75.11416666666666,0.4216944444444444,0.3549807692307692,-0.601,637.4386663816757,Hidalgo,3.156702951218313,Umbrisol,25.529094939804104,31.058895635824893
AGC_060,ENTRENAMIENTO,4.52,2.34,74.58,0.48828571428571427,0.3160909090909091,-0.612,2.322,961.35080909729,9.39639520768144,2720.073966269763,0.455,59.9375,0.427,0.399,55.92,0.2612857142857143,0.655,73.3275,0.6176666666666667,0.3115263157894737,0.3948333333333333,0.35176,-0.548,-0.569,-0.622,516.0190601348877,571.0173530578613,992.8766441345215,0.503,63.06166666666667,0.4353174603174603,0.35270654970760235,-0.5796666666666667,693.3043524424235,Puebla,3.537095351785394,Phaeozem,27.754143847820593,30.115028508222412
AGC_061,PREDICCION,,7.23,75.844,0.5268888888888889,0.33119354838709675,-0.588,2.521,1459.1384239196775,4.809010054341711,2785.1347265264303,0.682,68.37,0.5898,0.663,57.3325,0.4255,0.753,73.845,0.58125,0.3602,0.3385925925925926,0.29215384615384615,-0.566,-0.504,-0.607,890.8766059875488,783.0181579589844,1350.220027923584,0.6993333333333334,66.51583333333333,0.5321833333333333,0.33031547958214624,-0.5589999999999999,1008.0382639567057,Tlaxcala,3.029095280450441,otros,26.90298788566385,28.089801517694696
AGC_062,ENTRENAMIENTO,3.81,2,65.6745,0.4068888888888889,0.25494594594594594,-0.576,1.91,961.35080909729,0.3193923208237962,2600.2860239866677,0.702,83.245,0.41775,0.49,54.805,0.242625,0.688,72.7625,0.4845,0.35615,0.39111538461538464,0.35114814814814815,-0.574,-0.521,-0.595,516.0190601348877,571.0173530578613,992.8766441345215,0.6266666666666666,70.27083333333334,0.381625,0.36613784425451096,-0.5633333333333334,693.3043524424235,Puebla,3.3523148601463544,Planosol,27.446040849575063,29.334715258010654
AGC_063,PREDICCION,,12.54,77.67099999999999,0.6022857142857143,0.34202941176470586,-0.609,2.58,961.35080909729,1.134429777251584,2607.0543078704945,0.736,76.2025,0.282,0.645,63.1,0.27585714285714286,0.696,77.53,0.5151666666666667,0.3573181818181818,0.40158333333333335,0.3718461538461538,-0.511,-0.535,-0.612,516.0190601348877,571.0173530578613,992.8766441345215,0.6923333333333334,72.2775,0.35767460317460315,0.3769158896658897,-0.5526666666666666,693.3043524424235,Puebla,3.136115353837365,Phaeozem,27.31328640691337,27.82623422263841
AGC_064,ENTRENAMIENTO,4.51,2.45,81.191,0.456,0.3702058823529411,-0.62,2.513,1046.5036239624023,6.216478667566432,2654.6368576591003,0.44,56.0075,0.3945,0.427,56.28,0.300875,0.625,71.005,0.5483333333333333,0.3480952380952381,0.351695652173913,0.3101904761904762,-0.54,-0.478,-0.61,534.9626350402832,605.3766250610352,1027.1596298217773,0.49733333333333335,61.0975,0.41456944444444443,0.33666045548654244,-0.5426666666666666,722.4996299743652,Hidalgo,3.1202144761995623,Phaeozem,24.855376660262973,30.96687914600563
AGC_065,PREDICCION,,60.88,97.501,0.4725555555555555,0.34715625,-0.605,3.184,757.6721591949463,1.8867341865510177,2735.805523271492,0.678,71.4325,0.5906666666666667,0.513,66.34,0.30433333333333334,0.713,85.9175,0.63725,0.31375,0.37127272727272725,0.3297826086956522,-0.562,-0.625,-0.633,434.2247142791748,405.79462814331055,760.2894887924194,0.6346666666666667,74.56333333333333,0.51075,0.33826844532279315,-0.6066666666666667,533.4362770716349,Hidalgo,3.077499949843314,otros,26.930139337056993,31.315199287992947
AGC_066,ENTRENAMIENTO,3,7.15,64.947,0.4402,0.35644444444444445,-0.601,2.394,864.6091782027183,1.4655263481600798,2513.6046844545217,0.583,60.464999999999996,0.3835,0.713,53.885,0.32987500000000003,0.768,66.66,0.514,0.3595833333333333,0.3573928571428571,0.3618928571428571,-0.567,-0.58,-0.608,527.0162923918245,503.83803059019675,776.91484401948,0.688,60.336666666666666,0.409125,0.35962301587301587,-0.585,602.5897223338338,Tlaxcala,2.180540141350136,Phaeozem,25.386444241134164,30.71595010375379
AGC_067,ENTRENAMIENTO,3,1.53,82.8015,0.49775,0.37289655172413794,-0.625,2.906,1231.6271858215332,2.93776764481903,2745.774080274438,0.656,77.2775,0.509,0.595,58.0375,0.34933333333333333,0.819,82.63499999999999,0.515,0.35391304347826086,0.44975,0.363,-0.613,-0.575,-0.622,557.5809020996094,507.86975860595703,1018.7258358001709,0.69,72.65,0.4577777777777778,0.3888876811594203,-0.6033333333333333,694.7254988352457,Hidalgo,2.84,Phaeozem,26.7,27.4
AGC_068,ENTRENAMIENTO,2.5,3.1,76.3405,0.5916,0.3377222222222222,-0.606,2.908,887.9460887908936,1.6135596320627543,2521.890131880283,0.658,68.0275,0.37633333333333335,0.641,56.4875,0.3441111111111111,0.681,67.265,0.5818333333333333,0.38108,0.3726451612903226,0.35086666666666666,-0.577,-0.583,-0.603,543.5141906738281,521.8285694122314,800.2204971313477,0.66,63.92666666666667,0.4340925925925926,0.3681972759856631,-0.5876666666666667,621.8544190724691,Tlaxcala,2.217621869681577,Phaeozem,23.983613282920086,28.817730969678138
AGC_069,ENTRENAMIENTO,5.46,0.38,83.6945,0.608625,0.3941764705882353,-0.595,2.876,793.7303228378296,4.362900285616133,2626.4626860672956,0.539,66.9975,0.37033333333333335,0.385,53.9525,0.2385,0.698,68.325,0.459,0.425,0.388,0.3978076923076923,-0.59,-0.536,-0.603,442.7937717437744,479.3665199279785,852.943962097168,0.5406666666666666,63.09166666666667,0.35594444444444445,0.4036025641025641,-0.5763333333333334,591.7014179229736,Puebla,3.53,Planosol,27.7,26.8
AGC_070,ENTRENAMIENTO,3.3,20.83,77.5435,0.6137777777777778,0.2885714285714286,-0.633,2.861,1335.0902252197266,4.022468652918097,2739.829248482904,0.6,76.1275,0.452,0.633,55.5375,0.3636666666666667,0.755,79.18,0.6865,0.31675,0.30525,0.27904761904761904,-0.597,-0.578,-0.634,621.6697158813477,607.8970184326172,1117.1492729187012,0.6626666666666666,70.28166666666667,0.5007222222222223,0.30034920634920637,-0.603,782.2386690775553,Hidalgo,2.858536571572232,Umbrisol,26.140101430831812,30.79722869952239
AGC_071,PREDICCION,,5.21,73.1015,0.5109,0.33783783783783783,-0.618,2.83,887.9460887908936,1.8986238788535352,2610.398599756892,0.634,76.4275,0.3746,0.539,57.6975,0.29460000000000003,0.69,64.0375,0.4276,0.3714642857142857,0.37546666666666667,0.3202333333333333,-0.592,-0.579,-0.609,543.5141906738281,521.8285694122314,800.2204971313477,0.621,66.05416666666666,0.3656,0.3557214285714286,-0.5933333333333333,621.8544190724691,Tlaxcala,2.531811921012464,Phaeozem,27.103855202439775,26.78825694341498
AGC_072,ENTRENAMIENTO,4.55,4.38,86.2405,0.6626666666666666,0.31561290322580643,-0.575,3.273,793.7303228378296,3.452602834014136,2891.5565902287203,0.433,50.795,0.4026666666666667,0.449,51.805,0.250625,0.711,70.24,0.591,0.3788,0.3879090909090909,0.3494285714285714,-0.546,-0.502,-0.547,442.7937717437744,479.3665199279785,852.943962097168,0.531,57.61333333333333,0.4147638888888889,0.37204588744588746,-0.5316666666666667,591.7014179229736,Puebla,3.658331889002704,Phaeozem,26.05527799225054,29.923252513594782
AGC_073,ENTRENAMIENTO,4.3,2.05,66.7595,0.4145,0.2454705882352941,-0.58,1.88,961.35080909729,0.3842317838551064,2600.526033022269,0.719,75.0575,0.3666,0.668,65.2625,0.3211111111111111,0.641,69.695,0.47883333333333333,0.34299999999999997,0.4165,0.34873076923076923,-0.574,-0.53,-0.602,516.0190601348877,571.0173530578613,992.8766441345215,0.676,70.005,0.38884814814814816,0.3694102564102564,-0.5686666666666667,693.3043524424235,Puebla,3.353868683728483,Planosol,27.87806384561685,29.6746873537736
AGC_074,ENTRENAMIENTO,2.5,8.54,80.17999999999999,0.526625,0.344125,-0.586,3.377,1459.1384239196775,5.317043614611158,2812.36036331617,0.733,73.2025,0.51,0.707,57.3,0.4875,0.806,81.97500000000001,0.5942500000000001,0.38285185185185183,0.3408076923076923,0.35247826086956524,-0.567,-0.509,-0.581,890.8766059875488,783.0181579589844,1350.220027923584,0.7486666666666667,70.82583333333334,0.5305833333333334,0.3587126016763698,-0.5523333333333333,1008.0382639567057,Tlaxcala,2.86425567711517,otros,26.16215003048032,29.119997383697342
AGC_075,PREDICCION,,3.9,71.9805,0.3831818181818182,0.30967567567567567,-0.6,2.476,887.9460887908936,1.6314023807487334,2611.351962607333,0.612,63.8125,0.256,0.502,56.3275,0.3011111111111111,0.737,75.72,0.46275,0.4005416666666667,0.3911428571428571,0.31892857142857145,-0.567,-0.546,-0.605,543.5141906738281,521.8285694122314,800.2204971313477,0.617,65.28666666666666,0.3399537037037037,0.3702043650793651,-0.5726666666666667,621.8544190724691,Tlaxcala,2.480505527624785,Phaeozem,26.041791835432257,27.259893256650354
AGC_076,PREDICCION,,1.01,82.262,0.5904285714285714,0.34115625,-0.612,2.725,961.35080909729,5.495703215032581,2633.5671793921297,0.541,68.99249999999999,0.3912,0.393,53.7025,0.219,0.691,73.9275,0.5272,0.3502,0.4056,0.3043461538461538,-0.546,-0.534,-0.618,516.0190601348877,571.0173530578613,992.8766441345215,0.5416666666666666,65.54083333333332,0.3791333333333333,0.3533820512820513,-0.5660000000000001,693.3043524424235,Puebla,3.37,otros,25.3,32.6
AGC_077,ENTRENAMIENTO,4.76,6.08,72.236,0.5775,0.3640689655172414,-0.577,2.728,961.35080909729,1.92085729796266,2848.906431250035,0.466,59.035000000000004,0.40775,0.482,50.94,0.243,0.691,66.8675,0.6383333333333333,0.3946842105263158,0.3649047619047619,0.35539130434782606,-0.562,-0.497,-0.604,516.0190601348877,571.0173530578613,992.8766441345215,0.5463333333333333,58.947500000000005,0.42969444444444443,0.3716600922596346,-0.5543333333333333,693.3043524424235,Puebla,3.300395127219099,Phaeozem,26.046703298111986,30.634825046905338
AGC_078,ENTRENAMIENTO,3,2.3,73.10600000000001,0.5041428571428571,0.263,-0.63,3.01,1274.5569305419922,1.7425653687949147,2752.1050533380517,0.452,54.8525,0.38,0.387,42.69,0.24855555555555556,0.768,72.81750000000001,0.5806,0.29795,0.29242307692307695,0.20091304347826086,-0.604,-0.608,-0.634,573.2268009185791,526.2208614349365,1000.8445796966553,0.5356666666666667,56.78666666666667,0.4030518518518519,0.26376204013377924,-0.6153333333333333,700.0974140167236,Hidalgo,3.242394796102262,Umbrisol,25.602993732014482,28.88601655229123
AGC_079,ENTRENAMIENTO,3.3,18.87,74.391,0.49325,0.2942666666666667,-0.626,2.967,1335.0902252197266,3.643082002395246,2701.564834341783,0.595,66.8975,0.419,0.599,49.32,0.22785714285714287,0.761,72.2625,0.636,0.26372,0.24575,0.28426315789473683,-0.583,-0.573,-0.615,621.6697158813477,607.8970184326172,1117.1492729187012,0.6516666666666666,62.82666666666667,0.4276190476190476,0.2645777192982456,-0.5903333333333333,782.2386690775553,Hidalgo,3.1556821940680266,Umbrisol,25.65734110511977,31.160826434908575
AGC_080,ENTRENAMIENTO,3.5,18.99,83.94500000000001,0.5382,0.2809655172413793,-0.634,3.385,1274.5569305419922,0.6094973209852778,2762.992481035708,0.731,80.35,0.4774,0.437,51.1025,0.31325,0.748,82.3325,0.51625,0.320625,0.3214347826086957,0.2789473684210526,-0.607,-0.579,-0.622,573.2268009185791,526.2208614349365,1000.8445796966553,0.6386666666666667,71.26166666666666,0.4356333333333333,0.3070023836765828,-0.6026666666666667,700.0974140167236,Hidalgo,2.61152565463941,Phaeozem,25.077756191915395,28.12088691770581
AGC_081,ENTRENAMIENTO,3.7,3.28,75.565,0.4731666666666667,0.3022941176470588,-0.633,3.25,1335.0902252197266,1.6096896591731995,2636.015552260299,0.7,73.11,0.56975,0.413,45.41,0.2936666666666667,0.67,60.83,0.596,0.3853809523809524,0.29083333333333333,0.32326315789473686,-0.546,-0.575,-0.615,621.6697158813477,607.8970184326172,1117.1492729187012,0.5943333333333334,59.78333333333333,0.4864722222222222,0.3331591478696742,-0.5786666666666667,782.2386690775553,Hidalgo,2.6594203868669775,Umbrisol,23.736197844426485,29.07800020486773
AGC_082,PREDICCION,,2.77,80.1855,0.43122222222222223,0.2991081081081081,-0.607,2.301,900.2249836132853,3.2202460092733207,2637.443421845756,0.63,72.85,0.33175,0.475,58.3,0.276,0.615,72.0125,0.545,0.3437368421052632,0.34844444444444445,0.32553846153846155,-0.537,-0.617,-0.606,516.0988602049299,523.0003461506186,971.245556114056,0.5733333333333334,67.72083333333333,0.38425000000000004,0.33923991602938974,-0.5866666666666667,670.1149208232015,Hidalgo,3.161817892091011,Umbrisol,26.217986456650824,30.7321763216781
AGC_083,ENTRENAMIENTO,4.61,2.87,74.168,0.461125,0.35786111111111113,-0.594,2.604,961.35080909729,2.3682269399391114,2564.037732237001,0.634,67.6075,0.3616,0.566,57.1075,0.23644444444444446,0.692,66.6075,0.3214,0.4036818181818182,0.39495833333333336,0.31073076923076925,-0.498,-0.543,-0.593,516.0190601348877,571.0173530578613,992.8766441345215,0.6306666666666666,63.774166666666666,0.30648148148148147,0.36979030691530695,-0.5446666666666666,693.3043524424235,Hidalgo,2.958047993110951,otros,25.04748221639704,28.274585344241057
AGC_084,ENTRENAMIENTO,4.54,12.42,87.32050000000001,0.6244285714285714,0.38075757575757574,-0.613,2.683,843.0456554317782,3.6277561509587057,2685.470761598646,0.676,82.1925,0.47725,0.523,65.06,0.3098888888888889,0.635,76.2875,0.51875,0.3771818181818182,0.3827307692307692,0.363,-0.606,-0.563,-0.62,493.56543722590806,491.203763097939,905.5965778338245,0.6113333333333334,74.51333333333334,0.4352962962962963,0.37430419580419577,-0.5963333333333333,630.1219260525572,Hidalgo,3.0458705046819294,Phaeozem,23.588090958791238,30.574405332558932
AGC_085,PREDICCION,,5.5,70.891,0.42375,0.3532121212121212,-0.574,2.324,961.35080909729,0.8363667263553518,2615.101276454727,0.749,77.0025,0.2685,0.404,52.737500000000004,0.25057142857142856,0.61,67.0175,0.405,0.2698333333333333,0.3988260869565217,0.3354,-0.558,-0.493,-0.581,516.0190601348877,571.0173530578613,992.8766441345215,0.5876666666666667,65.58583333333334,0.30802380952380953,0.33468647342995167,-0.544,693.3043524424235,Puebla,3.4945673618947297,Phaeozem,27.877163190526346,28.527564825263074
AGC_086,PREDICCION,,4.73,68.1795,0.5759,0.3442972972972973,-0.612,2.745,887.9460887908936,1.1060645939304452,2547.4484170363908,0.584,60.95,0.3413333333333333,0.69,56.7225,0.2748888888888889,0.692,70.8,0.484,0.35548148148148145,0.37924137931034485,0.3062068965517241,-0.585,-0.575,-0.619,543.5141906738281,521.8285694122314,800.2204971313477,0.6553333333333333,62.82416666666666,0.36674074074074076,0.34697658578118346,-0.593,621.8544190724691,Tlaxcala,2.3463280072268886,Phaeozem,23.19841476452063,26.72367663740415
AGC_087,PREDICCION,,5.66,69.8125,0.36922222222222223,0.33452941176470585,-0.603,2.605,1059.8037815093994,2.1264388581320137,2650.339790747846,0.664,61.025,0.2075,0.447,50.78,0.257125,0.742,74.3375,0.5354,0.3111111111111111,0.3732962962962963,0.33585185185185185,-0.571,-0.545,-0.592,671.0671844482422,607.5640144348145,1011.8716640472412,0.6176666666666667,62.0475,0.33334166666666665,0.3400864197530864,-0.5693333333333334,763.5009543100992,Tlaxcala,2.637044352677261,Phaeozem,26.391425930754803,28.05646054605516
AGC_088,PREDICCION,,5.91,86.9305,0.611,0.34806896551724137,-0.564,2.977,793.7303228378296,2.06417192802281,2906.0395204557385,0.433,43.565,0.3843333333333333,0.371,45.36,0.24757142857142858,0.7,70.8875,0.5751999999999999,0.3112105263157895,0.3889565217391304,0.33645833333333336,-0.537,-0.467,-0.562,442.7937717437744,479.3665199279785,852.943962097168,0.5013333333333333,53.270833333333336,0.40236825396825393,0.3455417937960844,-0.522,591.7014179229736,Puebla,4.150810473860783,Phaeozem,26.32747752863267,29.92877671347416
AGC_089,ENTRENAMIENTO,3,1.72,76.8625,0.382,0.2970333333333333,-0.623,2.905,1274.5569305419922,1.0802922511581077,2744.1366300894465,0.587,67.2275,0.495,0.509,47.495,0.28185714285714286,0.708,74.60000000000001,0.505,0.33405,0.3472692307692308,0.2853809523809524,-0.607,-0.541,-0.624,573.2268009185791,526.2208614349365,1000.8445796966553,0.6013333333333333,63.1075,0.42728571428571427,0.3222333943833944,-0.5906666666666667,700.0974140167236,Hidalgo,3.1005245037712665,Umbrisol,26.499179419300127,27.868206548872955
AGC_090,ENTRENAMIENTO,4.68,10.98,82.5865,0.541,0.37971875,-0.608,2.662,961.35080909729,2.554585011366528,2626.974810417427,0.72,71.775,0.2965,0.613,60.222500000000004,0.293375,0.689,74.385,0.515,0.363,0.40012000000000003,0.37120833333333336,-0.57,-0.556,-0.618,516.0190601348877,571.0173530578613,992.8766441345215,0.6739999999999999,68.79416666666667,0.3682916666666667,0.37810944444444444,-0.5813333333333334,693.3043524424235,Puebla,2.9275405701326025,Phaeozem,26.836398859406778,30.598668488518324
AGC_091,PREDICCION,,0.35,86.1515,0.6278,0.33141176470588235,-0.596,2.938,793.7303228378296,2.345381021499634,2636,0.644,77.455,0.4225,0.587,62.62,0.34114285714285714,0.718,78.05,0.519,0.33317391304347826,0.3790434782608696,0.353,-0.588,-0.529,-0.595,442.7937717437744,479.3665199279785,852.943962097168,0.6496666666666666,72.70833333333333,0.42754761904761907,0.35507246376811596,-0.5706666666666667,591.7014179229736,Puebla,3.456165023645291,Planosol,26.483621759691555,26.749134720925333
AGC_092,ENTRENAMIENTO,4.57,0.5,68.386,0.57825,0.3136451612903226,-0.579,2.811,793.7303228378296,4.781271073696014,2636.251103191575,0.517,61.7925,0.31425000000000003,0.417,50.025,0.221,0.657,69.8475,0.46775,0.32813043478260867,0.36577272727272725,0.341875,-0.574,-0.526,-0.589,442.7937717437744,479.3665199279785,852.943962097168,0.5303333333333333,60.555,0.33433333333333337,0.34525938735177863,-0.563,591.7014179229736,Puebla,3.5174908380379577,Planosol,26.935849785373637,26.271691152484653
AGC_093,PREDICCION,,3.71,71.1195,0.3879090909090909,0.32126315789473686,-0.61,2.527,887.9460887908936,1.8265758034769464,2617.66952514046,0.549,58.830000000000005,0.2376,0.475,54.29,0.26844444444444443,0.714,74.105,0.42866666666666664,0.393375,0.3887241379310345,0.3375925925925926,-0.568,-0.554,-0.606,543.5141906738281,521.8285694122314,800.2204971313477,0.5793333333333334,62.40833333333334,0.3115703703703704,0.373230576841209,-0.576,621.8544190724691,Tlaxcala,2.4926495788606213,Phaeozem,26.070406806912843,27.155610210369268
AGC_094,PREDICCION,,3.63,69.4535,0.5673333333333334,0.342125,-0.596,2.541,793.7303228378296,0.8204820438956029,2750.433599699508,0.41,46.9,0.36675,0.411,44.0975,0.26,0.573,65.585,0.40199999999999997,0.37133333333333335,0.41063636363636363,0.36816666666666664,-0.535,-0.533,-0.59,442.7937717437744,479.3665199279785,852.943962097168,0.4646666666666666,52.19416666666666,0.34291666666666665,0.3833787878787879,-0.5526666666666666,591.7014179229736,Puebla,3.1721845841449112,Phaeozem,24.097879969478605,29.034832398262846
AGC_095,PREDICCION,,1.33,71.645,0.43833333333333335,0.3643939393939394,-0.592,2.519,961.35080909729,4.145281860050776,2640.481345267384,0.644,76.2325,0.4194,0.404,54.455,0.2532,0.598,63.125,0.4445,0.33835,0.42557142857142854,0.3622962962962963,-0.585,-0.556,-0.588,516.0190601348877,571.0173530578613,992.8766441345215,0.5486666666666666,64.60416666666667,0.3723666666666667,0.3754059082892416,-0.5763333333333334,693.3043524424235,Puebla,3.5388289166517466,Phaeozem,26.008951424639736,30.279337741877733
AGC_096,ENTRENAMIENTO,4.59,12.87,64.87,0.40071428571428575,0.3566875,-0.589,2.308,961.35080909729,1.0005293367428671,2618.449297458179,0.62,66.5975,0.355,0.565,54.5575,0.18866666666666668,0.693,67.44,0.3716,0.38155555555555554,0.3849090909090909,0.34199999999999997,-0.58,-0.517,-0.594,516.0190601348877,571.0173530578613,992.8766441345215,0.626,62.864999999999995,0.30508888888888885,0.3694882154882155,-0.5636666666666666,693.3043524424235,Puebla,3.142100712037434,Phaeozem,25.80984623138196,29.160773663142937
AGC_097,ENTRENAMIENTO,4.69,2.35,70.584,0.593,0.32941176470588235,-0.586,2.439,793.7303228378296,1.7325076929793748,2753.7017321351964,0.414,53.375,0.3745,0.547,49.51,0.33475,0.653,70.255,0.456,0.3854444444444444,0.399,0.34708,-0.543,-0.525,-0.588,442.7937717437744,479.3665199279785,852.943962097168,0.538,57.71333333333333,0.3884166666666667,0.3771748148148148,-0.552,591.7014179229736,Puebla,3.3260634658408175,Phaeozem,24.65504701841494,29.921436444900944
AGC_098,ENTRENAMIENTO,3,4.9,76.175,0.5894444444444444,0.32836363636363636,-0.614,2.88,1360.9191226959229,3.469707546655249,2698.7022429501476,0.612,69.17999999999999,0.4374,0.547,60.2625,0.3706666666666667,0.752,74.89,0.57525,0.3327777777777778,0.34339285714285717,0.321,-0.579,-0.551,-0.618,864.134204864502,760.2821846008301,1295.2941226959229,0.637,68.11083333333333,0.4611055555555556,0.33239021164021165,-0.5826666666666667,973.236837387085,Tlaxcala,3.0127262805805617,Phaeozem,26.1217714848115,28.40983503930034
AGC_099,ENTRENAMIENTO,3.5,1.17,70.3265,0.5838,0.3768918918918919,-0.603,2.63,887.9460887908936,1.6746764296977574,2576.9233069536745,0.564,65.5675,0.335,0.711,64.85000000000001,0.33755555555555555,0.766,71.2375,0.5605,0.41676,0.3965666666666667,0.3532,-0.585,-0.588,-0.606,543.5141906738281,521.8285694122314,800.2204971313477,0.6803333333333333,67.21833333333333,0.4110185185185185,0.38884222222222226,-0.593,621.8544190724691,Tlaxcala,2.485009947107045,Phaeozem,24.39993345739491,25.625249363350502
AGC_100,ENTRENAMIENTO,4.5,11.24,80.325,0.586,0.3790909090909091,-0.615,2.779,961.35080909729,1.0859704808591966,2647.2428556239392,0.707,71.65,0.33575,0.619,60.8875,0.2935714285714286,0.714,77.97,0.5125,0.39845454545454545,0.44158333333333333,0.37433333333333335,-0.557,-0.558,-0.618,516.0190601348877,571.0173530578613,992.8766441345215,0.6799999999999999,70.16916666666667,0.38060714285714287,0.40479040404040406,-0.5776666666666667,693.3043524424235,Puebla,2.9511388590270538,Phaeozem,26.848129662881945,29.71000658838982
AGC_101,ENTRENAMIENTO,4.57,12.35,68.0985,0.44,0.363,-0.579,2.38,961.35080909729,2.02666283495588,2622.940453414154,0.593,62.660000000000004,0.3004,0.497,53.434999999999995,0.21114285714285713,0.676,70.8625,0.42275,0.36804545454545456,0.4113181818181818,0.37376,-0.586,-0.529,-0.611,516.0190601348877,571.0173530578613,992.8766441345215,0.5886666666666667,62.31916666666667,0.31143095238095236,0.38437454545454547,-0.5753333333333334,693.3043524424235,Puebla,3.0253318566191676,Phaeozem,26.71178924938775,28.180752803957073
AGC_102,ENTRENAMIENTO,4.4,12.75,70.8075,0.473,0.364875,-0.584,2.525,961.35080909729,1.549269886035494,2625.059643760274,0.707,71.2825,0.3134,0.494,53.004999999999995,0.21175,0.738,75.425,0.44175,0.33579166666666665,0.41725,0.38186363636363635,-0.555,-0.548,-0.61,516.0190601348877,571.0173530578613,992.8766441345215,0.6463333333333333,66.57083333333333,0.3223,0.37830176767676765,-0.5710000000000001,693.3043524424235,Puebla,3.0747387673559374,Phaeozem,27.058463690441023,27.57917350436087
AGC_103,ENTRENAMIENTO,3,2.48,77.5685,0.3895,0.3294705882352941,-0.59,3.222,1074.463642120361,2.5313971834992075,2580.8374737215436,0.602,63.3925,0.3914,0.744,62.75,0.5374,0.763,74.72,0.5692,0.32285185185185183,0.3526,0.3322413793103448,-0.592,-0.567,-0.599,661.6120376586914,609.7914009094238,966.4598865509033,0.703,66.95416666666667,0.49933333333333335,0.3358977437207322,-0.586,745.9544417063395,Tlaxcala,2.812233276038484,Phaeozem,27.73553344792303,27.894936541844903
AGC_104,ENTRENAMIENTO,4.56,3.02,78.334,0.46914285714285714,0.35078787878787876,-0.575,2.546,961.35080909729,0.790522170930856,2613.795267014496,0.75,80.2625,0.3415,0.35,48.1675,0.244625,0.741,76.5775,0.47783333333333333,0.3610434782608696,0.39708695652173914,0.33317857142857144,-0.578,-0.526,-0.589,516.0190601348877,571.0173530578613,992.8766441345215,0.6136666666666667,68.33583333333334,0.3546527777777778,0.36376966873706007,-0.5643333333333334,693.3043524424235,Puebla,3.556304034319537,Planosol,27.625506796805446,28.637797858086003
AGC_105,ENTRENAMIENTO,4.41,2.99,85.7975,0.5513333333333333,0.38470967741935486,-0.599,2.654,961.35080909729,0.6965322248469946,2609.1650311039116,0.71,66.9225,0.34900000000000003,0.542,58.765,0.251125,0.735,81.355,0.599,0.3526666666666667,0.43334782608695654,0.34620833333333334,-0.575,-0.524,-0.6,516.0190601348877,571.0173530578613,992.8766441345215,0.6623333333333333,69.01416666666667,0.39970833333333333,0.3774076086956522,-0.5663333333333334,693.3043524424235,Puebla,3.423005493568504,Phaeozem,27.900171974824207,30.339595920726083
AGC_106,ENTRENAMIENTO,4.43,6.09,78.3605,0.4101666666666667,0.31887096774193546,-0.593,2.402,961.35080909729,0.5663277229623543,2606.208917118333,0.728,78.53999999999999,0.23966666666666667,0.505,52.3175,0.210125,0.641,69.3425,0.4048,0.36910526315789477,0.33732,0.3368846153846154,-0.431,-0.512,-0.597,516.0190601348877,571.0173530578613,992.8766441345215,0.6246666666666667,66.73333333333333,0.2848638888888889,0.34776995951417006,-0.5133333333333333,693.3043524424235,Puebla,3.4953727037890756,Planosol,27.16765144392577,31.260411090777758
AGC_107,PREDICCION,,2.63,93.2705,0.524,0.37027777777777776,-0.619,2.473,910.2673473358154,0.7812542787763705,2630.134899705386,0.732,85.2175,0.368,0.654,76.65,0.459375,0.621,73.9625,0.5368333333333333,0.37342105263157893,0.4098076923076923,0.36260714285714285,-0.614,-0.616,-0.613,520.0563888549805,528.5847568511963,982.7754383087158,0.669,78.61,0.45473611111111106,0.38194529593213805,-0.6143333333333333,677.1388613382975,Hidalgo,3.305109988843691,Umbrisol,26.5,27.999266741042057
AGC_108,ENTRENAMIENTO,4.51,3.79,65.304,0.497125,0.3628709677419355,-0.601,2.188,793.7303228378296,6.665995422430866,2869.560683064893,0.436,46.7725,0.36925,0.36,46.7125,0.2775,0.527,59.7875,0.4463333333333333,0.3512727272727273,0.4013333333333333,0.3624782608695652,-0.578,-0.52,-0.609,442.7937717437744,479.3665199279785,852.943962097168,0.441,51.090833333333336,0.36436111111111114,0.3716947738252086,-0.569,591.7014179229736,Puebla,3.7261971749636036,Phaeozem,25.539701596741715,30.317108963792073
AGC_109,ENTRENAMIENTO,4.54,3.14,71.657,0.492875,0.3529375,-0.576,2.098,793.7303228378296,2.382770227985215,2751.8818506291673,0.43,53.755,0.3625,0.53,49.1725,0.304875,0.636,69.25,0.45625,0.36015,0.41033333333333333,0.3516923076923077,-0.547,-0.543,-0.581,442.7937717437744,479.3665199279785,852.943962097168,0.532,57.3925,0.37454166666666666,0.374058547008547,-0.557,591.7014179229736,Puebla,3.3715668571992734,Phaeozem,24.600027061758002,30.301142237004804
AGC_110,ENTRENAMIENTO,4.18,6.19,75.38850000000001,0.49933333333333335,0.3666875,-0.6,2.521,961.35080909729,0.5771335347977363,2607.399334381997,0.725,80.275,0.23175,0.495,53.74,0.21685714285714286,0.651,69.8125,0.37516666666666665,0.3809047619047619,0.393125,0.3345185185185185,-0.539,-0.51,-0.605,516.0190601348877,571.0173530578613,992.8766441345215,0.6236666666666667,67.9425,0.27459126984126986,0.3695160934744268,-0.5513333333333333,693.3043524424235,Puebla,3.4564996297474497,Phaeozem,27.400386992855356,31.582404843327367
AGC_111,ENTRENAMIENTO,4.72,1.71,80.88600000000001,0.6084285714285714,0.3257931034482759,-0.579,2.7,793.7303228378296,6.92229087214541,2880.674073387486,0.555,64.18,0.4691666666666667,0.422,50.4075,0.25657142857142856,0.687,77.9725,0.624,0.33591304347826084,0.37152380952380953,0.33904347826086956,-0.507,-0.502,-0.594,442.7937717437744,479.3665199279785,852.943962097168,0.5546666666666666,64.18666666666667,0.44991269841269843,0.34882677708764664,-0.5343333333333333,591.7014179229736,Puebla,3.3478333341746684,Phaeozem,25.996089986121955,30.22796523799454
AGC_112,ENTRENAMIENTO,3,7.96,76.9385,0.5402,0.3622631578947368,-0.607,3.14,887.9460887908936,1.1220354179324934,2537.691549645394,0.659,67.7175,0.41825,0.682,55.4575,0.3266,0.707,70.225,0.4945,0.3828,0.3930909090909091,0.3615555555555556,-0.58,-0.577,-0.619,543.5141906738281,521.8285694122314,800.2204971313477,0.6826666666666666,64.46666666666667,0.4131166666666667,0.37914882154882157,-0.592,621.8544190724691,Tlaxcala,2.353071208054263,Phaeozem,23.581777145755265,26.781243816999904
AGC_113,PREDICCION,,10.58,67.8715,0.429375,0.2706875,-0.627,2.782,1335.0902252197266,3.348745934458474,2711.822107883356,0.507,59.302499999999995,0.40725,0.615,49.8025,0.298,0.767,71.895,0.69125,0.31021739130434783,0.28543478260869565,0.2870952380952381,-0.591,-0.58,-0.622,621.6697158813477,607.8970184326172,1117.1492729187012,0.6296666666666667,60.33333333333333,0.4655,0.29424913733609387,-0.5976666666666667,782.2386690775553,Hidalgo,2.844404381014587,Umbrisol,26.97321229303185,31.341498626175866
AGC_114,ENTRENAMIENTO,3,6.95,71.355,0.48375,0.32865714285714287,-0.586,2.851,1074.463642120361,2.557309390559846,2677.666832290541,0.622,62.0775,0.4228,0.542,55.055,0.3539,0.712,67.7,0.5554,0.32271428571428573,0.3084193548387097,0.30888,-0.564,-0.546,-0.607,661.6120376586914,609.7914009094238,966.4598865509033,0.6253333333333333,61.61083333333333,0.44403333333333334,0.3133378801843318,-0.5723333333333334,745.9544417063395,Tlaxcala,2.782892837443825,Phaeozem,25.16515015024959,26.1732568593724
AGC_115,ENTRENAMIENTO,4.6,1.93,73.689,0.4355,0.2863235294117647,-0.585,2.082,961.35080909729,0.3606146732344978,2600.4181168486907,0.73,77.85000000000001,0.4666,0.645,63.6925,0.3412222222222222,0.649,71.0925,0.5261666666666667,0.3352272727272727,0.4158,0.3528846153846154,-0.573,-0.525,-0.6,516.0190601348877,571.0173530578613,992.8766441345215,0.6746666666666666,70.87833333333333,0.444662962962963,0.36797062937062935,-0.566,693.3043524424235,Puebla,3.3675534825557314,Planosol,27.75248151443937,29.709381661836524
AGC_116,PREDICCION,,7.43,84.3185,0.5448333333333333,0.34265625,-0.605,2.866,910.2673473358154,0.7907546746432403,2604.934458964534,0.701,73.9875,0.31625,0.513,58.88,0.21114285714285713,0.586,69.2925,0.4092,0.3395,0.39176923076923076,0.3216086956521739,-0.522,-0.559,-0.604,520.0563888549805,528.5847568511963,982.7754383087158,0.6,67.38666666666667,0.31219761904761906,0.3509593088071349,-0.5616666666666666,677.1388613382975,Puebla,3.5955814456178854,Phaeozem,28.321407992856393,31.073526759271374
AGC_117,ENTRENAMIENTO,3.5,5.68,70.265,0.5399090909090909,0.3594864864864865,-0.613,2.467,887.9460887908936,2.0062491651698577,2583.3421484896935,0.67,66.1825,0.224,0.471,56.75,0.293,0.731,73.9075,0.4802,0.37948275862068964,0.4023548387096774,0.3735185185185185,-0.607,-0.586,-0.618,543.5141906738281,521.8285694122314,800.2204971313477,0.624,65.61333333333333,0.33240000000000003,0.3851187052829619,-0.6036666666666667,621.8544190724691,Tlaxcala,2.471009027325912,Phaeozem,26.140685917073647,27.010655513133308
AGC_118,PREDICCION,,4.42,68.9865,0.419,0.30928125,-0.594,2.745,1231.6271858215332,7.544256858229008,2778.8809440168307,0.578,61.2325,0.41475,0.384,41.2825,0.2095,0.776,75.44000000000001,0.376,0.26582608695652177,0.3284761904761905,0.31036363636363634,-0.578,-0.523,-0.619,557.5809020996094,507.86975860595703,1018.7258358001709,0.5793333333333334,59.318333333333335,0.3334166666666667,0.3015553045987829,-0.5733333333333334,694.7254988352457,Hidalgo,2.8851675870932696,Umbrisol,27.91865930325384,28.05167587093269
AGC_119,ENTRENAMIENTO,4.4,0.64,88.3135,0.4935,0.31545454545454543,-0.621,2.782,1046.5036239624023,7.488604393742661,2641.574050467212,0.379,57.112500000000004,0.321,0.401,53.865,0.24928571428571428,0.646,76.13,0.5186666666666667,0.3083,0.27804545454545454,0.2698181818181818,-0.595,-0.606,-0.611,534.9626350402832,605.3766250610352,1027.1596298217773,0.47533333333333333,62.369166666666665,0.362984126984127,0.2853878787878788,-0.604,722.4996299743652,Hidalgo,3.1318421150706035,Phaeozem,26.389258621186134,30.583427888242408
AGC_120,PREDICCION,,7.47,92.5015,0.49325,0.3004411764705882,-0.625,3.649,1059.8037815093994,5.202737790983063,2614.819936267043,0.676,87.235,0.446,0.562,69.07000000000001,0.40855555555555556,0.758,77.5925,0.5908,0.3554583333333333,0.335,0.3146896551724138,-0.55,-0.586,-0.629,671.0671844482422,607.5640144348145,1011.8716640472412,0.6653333333333333,77.96583333333334,0.4817851851851852,0.33504932950191574,-0.5883333333333334,763.5009543100992,Tlaxcala,3.3672751092442312,Phaeozem,27.0209100852965,27.756663093269275
AGC_121,ENTRENAMIENTO,3.3,5.92,74.7835,0.5545714285714286,0.2802903225806452,-0.631,3.108,1267.1335241616855,2.7163680445935547,2753.736992934555,0.535,61.395,0.42266666666666663,0.378,40.9425,0.257,0.764,72.535,0.5808,0.32566666666666666,0.34620833333333334,0.25477272727272726,-0.595,-0.545,-0.633,570.5213139450445,523.0475909039011,1003.9366043874863,0.559,58.29083333333333,0.42015555555555556,0.3088825757575758,-0.591,699.1685030788107,Hidalgo,3.1432961999474207,Phaeozem,25.837421678363363,27.765375122720606
AGC_122,ENTRENAMIENTO,3.5,7.45,80.01950000000001,0.4562,0.3355294117647059,-0.588,2.847,1446.7760485695121,5.291218228326045,2715.200862628418,0.652,73.745,0.4254,0.64,61.1275,0.40325,0.784,82.2275,0.5234,0.33988,0.36179310344827587,0.32110714285714287,-0.585,-0.522,-0.587,887.5106728529337,780.1564939774361,1343.3067771835376,0.6920000000000001,72.36666666666667,0.4506833333333333,0.3409267487684729,-0.56466666666666665,1003.6579813379691,Tlaxcala,3.1203487622371955,otros,26.41425007389093,26.69109312899816
AGC_123,ENTRENAMIENTO,2.5,8.01,72.857,0.438,0.3369393939393939,-0.581,2.486,1120.501502063352,2.0396638187264267,2692.6459247638663,0.673,66.79249999999999,0.32025,0.654,59.9075,0.3877777777777778,0.694,71.3,0.564,0.332,0.34114285714285714,0.31682758620689655,-0.575,-0.52,-0.587,692.5943734157843,631.295294085542,1017.414462111436,0.6736666666666666,66,0.42400925925925925,0.32999014778325125,-0.5606666666666666,780.4347098709208,Tlaxcala,3.0364811462796832,Phaeozem,25.573328924636947,24.719339528303735
AGC_124,ENTRENAMIENTO,5.05,1.96,78.191,0.6275000000000001,0.3458529411764706,-0.601,2.689,793.7303228378296,6.12276780123839,2717.777083092393,0.404,60.005,0.3192,0.501,54.06,0.329125,0.561,66.83,0.45716666666666667,0.3546666666666667,0.38488,0.3193103448275862,-0.574,-0.549,-0.574,442.7937717437744,479.3665199279785,852.943962097168,0.4886666666666667,60.29833333333333,0.3684972222222222,0.35295233716475094,-0.5656666666666667,591.7014179229736,Puebla,3.516229034916902,Phaeozem,26.789269640572392,27.079399590025467
AGC_125,ENTRENAMIENTO,4.06,10.14,89.407,0.4165,0.31703125,-0.603,2.837,915.2991269029078,0.6015441066098537,2608.469388256298,0.761,80.4725,0.249,0.591,59.5875,0.224,0.606,75.045,0.391,0.33280952380952383,0.4078846153846154,0.37175,-0.548,-0.525,-0.604,519.658707345958,532.7644162401456,983.7704186668327,0.6526666666666666,71.70166666666667,0.28800000000000003,0.3708147130647131,-0.559,678.7311807509788,Puebla,3.503216316361521,Phaeozem,27.582292861504943,30.49981289646708
AGC_126,PREDICCION,,5.75,77.5125,0.6064285714285714,0.3167142857142857,-0.571,2.869,793.7303228378296,2.082396389857421,2891.714402946398,0.549,59.88,0.51675,0.418,49.945,0.2465,0.674,71.72500000000001,0.597,0.3451,0.3749090909090909,0.3527391304347826,-0.54,-0.483,-0.565,442.7937717437744,479.3665199279785,852.943962097168,0.547,60.51666666666667,0.4534166666666667,0.35758274044795785,-0.5293333333333333,591.7014179229736,Puebla,3.9659632669592084,Phaeozem,26.13293789027868,30.353100235128675
AGC_127,ENTRENAMIENTO,5.57,0.91,87.96600000000001,0.543,0.3120909090909091,-0.622,2.531,961.35080909729,6.935407542381138,2726.6831047761584,0.509,72.0275,0.4615,0.445,68.10249999999999,0.32785714285714285,0.659,78.08500000000001,0.6095,0.2975,0.3724090909090909,0.31239285714285714,-0.572,-0.585,-0.633,516.0190601348877,571.0173530578613,992.8766441345215,0.5376666666666667,72.73833333333333,0.4662857142857143,0.32743398268398266,-0.5966666666666667,693.3043524424235,Puebla,4.000510198042596,Phaeozem,26.999149669929004,30.87110542909229
AGC_128,PREDICCION,,6.15,86.925,0.4663,0.3482368421052632,-0.597,2.431,910.2673473358154,2.0973321309923305,2630.5303812794295,0.722,80.97,0.33366666666666667,0.51,61.9975,0.3175,0.645,73.625,0.5248,0.3686315789473684,0.39092307692307693,0.35215384615384615,-0.521,-0.533,-0.61,520.0563888549805,528.5847568511963,982.7754383087158,0.6256666666666667,72.1975,0.3919888888888889,0.37056950067476385,-0.5546666666666666,677.1388613382975,Hidalgo,3.228624144445232,Phaeozem,26.61819613950023,28.198367037465907
AGC_129,PREDICCION,,8.16,85.5325,0.5118333333333334,0.28903225806451616,-0.637,3.279,1335.0902252197266,1.5995820124352822,2650.577514066641,0.625,77.67,0.5338,0.469,54.2325,0.33485714285714285,0.674,61.57,0.57875,0.31847619047619047,0.22378260869565217,0.3263,-0.582,-0.577,-0.632,621.6697158813477,607.8970184326172,1117.1492729187012,0.5893333333333334,64.49083333333334,0.48246904761904763,0.28951959972394753,-0.597,782.2386690775553,Hidalgo,3.063242770540653,Umbrisol,23.79303247366505,28.06707300524419
AGC_130,PREDICCION,,12.1,76.114,0.400125,0.35158823529411765,-0.609,2.493,1046.5036239624023,5.066988941425358,2649.9868425449454,0.47,52.8975,0.43775,0.402,47.9975,0.239,0.609,70.3125,0.538,0.3732380952380952,0.35486956521739127,0.31095,-0.521,-0.495,-0.595,534.9626350402832,605.3766250610352,1027.1596298217773,0.49366666666666664,57.06916666666667,0.40491666666666665,0.34635255348516214,-0.537,722.4996299743652,Hidalgo,3.0993984178455882,Phaeozem,24.87858037085432,30.552618720222114
AGC_131,ENTRENAMIENTO,4.89,1.46,81.418,0.5291666666666667,0.4130909090909091,-0.598,2.992,961.35080909729,2.6074970206085366,2622.7091136935983,0.712,84.5325,0.4802,0.484,63.2975,0.3338333333333333,0.789,78.845,0.41625,0.3806,0.47285714285714286,0.3972307692307692,-0.593,-0.57,-0.635,516.0190601348877,571.0173530578613,992.8766441345215,0.6616666666666666,75.55833333333334,0.41009444444444443,0.4168959706959707,-0.5993333333333333,693.3043524424235,Puebla,3.203874133692009,Phaeozem,23.646897407850638,28.012234106395816
AGC_132,ENTRENAMIENTO,4.13,6.1,84.2255,0.6251666666666666,0.3023,-0.582,3.019,793.7303228378296,3.3243019682883017,2881.4496697832637,0.409,48.364999999999995,0.385,0.425,51.445,0.264375,0.623,66.685,0.5572,0.36042857142857143,0.3543913043478261,0.28908333333333336,-0.56,-0.502,-0.577,442.7937717437744,479.3665199279785,852.943962097168,0.48566666666666664,55.498333333333335,0.40219166666666667,0.334634403036577,-0.5463333333333333,591.7014179229736,Puebla,3.6298827552972943,Phaeozem,26.135083739427493,30.06439182007252
AGC_133,ENTRENAMIENTO,3.91,6.08,94.774,0.6513333333333333,0.3398333333333333,-0.604,2.909,850.8841345989041,2.8447008539630385,2839.8091792669707,0.477,60.3125,0.4176,0.534,56.8475,0.3585,0.664,74.47749999999999,0.5353333333333333,0.36743478260869566,0.40075,0.31203846153846154,-0.591,-0.532,-0.598,467.7615095319702,510.61684368818254,900.6570212038307,0.5583333333333333,63.87916666666666,0.43714444444444445,0.36007441471571905,-0.5736666666666667,626.3451248079945,Puebla,3.384452481033744,Phaeozem,25.198221492203945,31.17504601223801
AGC_134,ENTRENAMIENTO,4.52,2.25,95.2835,0.45425,0.34674193548387094,-0.625,2.877,702.7885869656996,7.315089204686029,2762.703708253728,0.737,75.8175,0.45999999999999996,0.449,59.7725,0.2902,0.699,78.0775,0.5506,0.28457692307692306,0.332,0.33614814814814814,-0.576,-0.56,-0.64,391.7244965865049,350.015626837124,656.2312788752299,0.6283333333333333,71.2225,0.4336,0.3175750237416904,-0.592,465.9904674329529,Hidalgo,3.374069281882788,Planosol,25.555379802633162,31.766870431728556
AGC_135,ENTRENAMIENTO,4.49,1.62,75.9785,0.602,0.3102,-0.589,2.709,793.7303228378296,6.2231002278675245,2873.0921102693933,0.517,60.1175,0.4445,0.413,49.775,0.2515,0.682,77.215,0.5866666666666667,0.324125,0.37095652173913046,0.34704347826086956,-0.549,-0.506,-0.59,442.7937717437744,479.3665199279785,852.943962097168,0.5373333333333333,62.369166666666665,0.4275555555555556,0.347375,-0.5483333333333333,591.7014179229736,Puebla,3.4609045375643483,Phaeozem,26,30.325807622825312
AGC_136,PREDICCION,,1.69,85.1325,0.5448571428571428,0.3582727272727273,-0.583,2.596,961.35080909729,0.31861529985013254,2610,0.691,79.0025,0.5125,0.475,53.8575,0.27825,0.655,69.7825,0.5848,0.3303913043478261,0.37266666666666665,0.35715384615384616,-0.559,-0.526,-0.603,516.0190601348877,571.0173530578613,992.8766441345215,0.607,67.5475,0.45851666666666663,0.35340393905611295,-0.5626666666666666,693.3043524424235,Puebla,3.507054797460902,Planosol,27.1,28.852968016927313
AGC_137,ENTRENAMIENTO,4.54,24.81,96.5655,0.5581111111111111,0.3494857142857143,-0.615,2.836,821.3128318786621,3.935037864116879,2719.2386408198104,0.745,88.16000000000001,0.494,0.582,75.2275,0.31733333333333336,0.651,79.69,0.6085,0.3861818181818182,0.41304347826086957,0.38869230769230767,-0.594,-0.559,-0.596,485.00089263916016,479.1184597015381,880.6445941925049,0.6593333333333333,81.02583333333334,0.4732777777777778,0.39597253471166516,-0.583,614.9213155110677,Hidalgo,3.4450377057567723,Phaeozem,25.790020467355447,31.841378037377837
AGC_138,ENTRENAMIENTO,2.5,7.86,75.6675,0.5115,0.3887272727272727,-0.601,2.901,887.9460887908936,1.5066787716077108,2581.0044710193133,0.579,72.8625,0.37283333333333335,0.555,62.63,0.37755555555555553,0.665,54.34,0.3388,0.38,0.39576666666666666,0.3500740740740741,-0.603,-0.607,-0.621,543.5141906738281,521.8285694122314,800.2204971313477,0.5996666666666667,63.2775,0.363062962962963,0.37528024691358025,-0.6103333333333333,621.8544190724691,Tlaxcala,2.4520626399632404,Phaeozem,25.484924964552242,26.21842024141923
AGC_139,ENTRENAMIENTO,4.67,1.92,74.949,0.4624444444444445,0.2969142857142857,-0.592,2.291,961.35080909729,0.3383188179362033,2600.306084244243,0.662,80.3575,0.4625,0.64,64.5825,0.32575,0.728,75.8775,0.5986666666666667,0.3553,0.40448,0.339,-0.571,-0.521,-0.594,516.0190601348877,571.0173530578613,992.8766441345215,0.6766666666666666,73.60583333333334,0.4623055555555556,0.36626000000000003,-0.5619999999999999,693.3043524424235,Puebla,3.3918067815374395,Planosol,27.50765784480626,29.733023602592077
AGC_140,ENTRENAMIENTO,3.2,4.13,87.4765,0.538875,0.28259375,-0.626,3.191,1274.5569305419922,1.1494257230317564,2747.468942121784,0.639,68.425,0.5522,0.404,42.44,0.252625,0.692,66.28750000000001,0.53725,0.33980952380952384,0.2963103448275862,0.2839473684210526,-0.613,-0.554,-0.627,573.2268009185791,526.2208614349365,1000.8445796966553,0.5783333333333334,59.05083333333334,0.44735833333333336,0.3066890790193876,-0.598,700.0974140167236,Hidalgo,3.1144938703478693,Phaeozem,27.340070829682407,26.102013518754546
AGC_141,ENTRENAMIENTO,3.5,3.94,65.5215,0.5923,0.3418333333333333,-0.596,2.899,1006.2369456330728,1.7617209893716368,2621.285957079911,0.611,60.5625,0.34425,0.58,61.334999999999994,0.3875,0.72,70.405,0.45925,0.3819565217391304,0.37464285714285717,0.35014285714285714,-0.582,-0.558,-0.601,618.4127471993868,577.615268960489,905.6507875481647,0.637,64.10083333333333,0.397,0.36891407867494824,-0.5803333333333334,700.5596012360135,Tlaxcala,2.559859561904247,Phaeozem,26.07279547441696,27.66806202482876
AGC_142,PREDICCION,,1.29,65.025,0.41685714285714287,0.36303125,-0.591,2.002,793.7303228378296,7.987528329530749,2726.5239429950766,0.32,46.535,0.29525,0.254,39.695,0.18228571428571427,0.48,52.6425,0.4432,0.35875,0.35856521739130437,0.31063999999999997,-0.564,-0.503,-0.578,442.7937717437744,479.3665199279785,852.943962097168,0.35133333333333333,46.29083333333333,0.3069119047619048,0.3426517391304348,-0.5483333333333333,591.7014179229736,Puebla,3.5057140032751994,Phaeozem,27.32512009612674,30.296524265657673
AGC_143,PREDICCION,,11.48,81.2985,0.5268571428571429,0.3871176470588235,-0.603,2.547,961.293471495751,2.3144251627399677,2616.710380756727,0.747,77.8275,0.34800000000000003,0.574,58.775,0.2967142857142857,0.675,76.38250000000001,0.5665,0.3925,0.4181304347826087,0.3720833333333333,-0.569,-0.551,-0.62,516.0235917530954,570.9697254459168,992.8653062397365,0.6653333333333333,70.995,0.40373809523809523,0.394237922705314,-0.58,693.2862078129162,Puebla,3.031079549314082,Phaeozem,27.6058628121698,29.683126957376437
AGC_144,ENTRENAMIENTO,2.5,7.48,74.607,0.3962,0.33508333333333334,-0.579,2.855,1074.463642120361,3.2643428291117074,2644.039055752539,0.596,64.43,0.346,0.636,57.9875,0.38033333333333336,0.778,71.155,0.498,0.35028,0.36114285714285715,0.33035714285714285,-0.55,-0.511,-0.606,661.6120376586914,609.7914009094238,966.4598865509033,0.67,64.52416666666667,0.4081111111111111,0.34726,-0.5556666666666666,745.9544417063395,Tlaxcala,2.723896214909513,Phaeozem,27.583081743008485,28.19084627436692
AGC_145,ENTRENAMIENTO,3.5,8.33,78.62950000000001,0.4171428571428571,0.37234375,-0.591,2.692,1170.6749569572796,2.1186203977471507,2675.0500232153186,0.711,72.2075,0.3842,0.73,63.169999999999995,0.387125,0.755,71.045,0.554,0.3367857142857143,0.35372413793103447,0.32819230769230767,-0.586,-0.544,-0.592,729.6328133525029,660.3364843572834,1076.9048819105246,0.732,68.8075,0.44177500000000003,0.33956738663635216,-0.574,822.2913932067703,Tlaxcala,3.215796170841137,Phaeozem,25.149001770950086,25.008377587186033
AGC_146,ENTRENAMIENTO,4.58,1.33,89.77,0.5214444444444445,0.3695428571428571,-0.569,2.479,910.2673473358154,0.3949244516548278,2627.0939010402753,0.75,80.3125,0.396,0.562,68,0.3182857142857143,0.586,66.575,0.5113333333333333,0.3637,0.4180833333333333,0.3675357142857143,-0.519,-0.547,-0.609,520.0563888549805,528.5847568511963,982.7754383087158,0.6326666666666667,71.62916666666666,0.40853968253968254,0.38310634920634923,-0.5583333333333333,677.1388613382975,Hidalgo,3.1944266171716498,Phaeozem,27.155733828283502,27.93279851514949
AGC_147,PREDICCION,,6.8,81.137,0.4324,0.3491470588235294,-0.589,2.891,1162.8000831604004,4.284793357532655,2669.907033442821,0.644,68.2475,0.371,0.624,55.2675,0.2894285714285714,0.8,75.58,0.5888,0.33744444444444444,0.3464074074074074,0.3067,-0.565,-0.495,-0.607,715.7950668334961,642.0348739624023,1057.8622436523438,0.6893333333333334,66.365,0.4164095238095238,0.33018395061728395,-0.5556666666666666,805.2307281494141,Tlaxcala,2.7834299292011098,Phaeozem,26.64769545757236,27.343601573318402
AGC_148,ENTRENAMIENTO,3,2.46,73.372,0.5275555555555556,0.29970967741935484,-0.629,3.073,1274.5569305419922,1.1137972566294594,2746.730257684445,0.561,63.245000000000005,0.41566666666666663,0.495,45.655,0.2975,0.779,76.3925,0.572,0.31045,0.29996153846153845,0.2793,-0.595,-0.536,-0.625,573.2268009185791,526.2208614349365,1000.8445796966553,0.6116666666666667,61.76416666666667,0.4283888888888889,0.29657051282051283,-0.5853333333333334,700.0974140167236,Hidalgo,2.9236225697517124,Umbrisol,27.13759316732374,27.078512426158824
AGC_149,PREDICCION,,8.99,82.3445,0.468875,0.3730606060606061,-0.613,2.748,1046.5036239624023,5.869619676332947,2645.6551055026594,0.507,61.997499999999995,0.44125000000000003,0.475,55.879999999999995,0.257125,0.609,67.1875,0.544,0.3772857142857143,0.345,0.30063636363636365,-0.551,-0.601,-0.597,534.9626350402832,605.3766250610352,1027.1596298217773,0.5303333333333333,61.68833333333333,0.414125,0.340974025974026,-0.583,722.4996299743652,Hidalgo,3.250453690762603,Phaeozem,24.58917067735097,30.224737098626537
AGC_150,ENTRENAMIENTO,4.52,1.99,80.1585,0.435875,0.37733333333333335,-0.585,2.582,816.2345630905141,0.7893007541302286,2615.6376570733587,0.753,83.675,0.3125,0.325,49.09,0.24225,0.758,77.02,0.4483333333333333,0.3676521739130435,0.428,0.3362857142857143,-0.578,-0.528,-0.6,452.6247865516838,491.6712949238044,871.7309180716104,0.612,69.92833333333333,0.3343611111111111,0.37731262939958593,-0.5686666666666667,605.3423331823662,Puebla,3.5665738030160643,Planosol,27.82005540370816,28.657103283065602
AGC_151,ENTRENAMIENTO,4.69,9.32,99.381,0.517,0.37933333333333336,-0.622,2.905,821.3128318786621,6.636521764891236,2730.9283477081353,0.798,93.4425,0.4938,0.63,79.5875,0.28533333333333333,0.756,77.2525,0.49224999999999997,0.3769166666666667,0.44576190476190475,0.37403846153846154,-0.598,-0.574,-0.62,485.00089263916016,479.1184597015381,880.6445941925049,0.728,83.4275,0.4237944444444444,0.39890567765567764,-0.5973333333333333,614.9213155110677,Hidalgo,3.8113909077054147,Umbrisol,26.426894176583545,33.02889678621086
AGC_152,ENTRENAMIENTO,4.87,2.63,95.483,0.538625,0.31738235294117645,-0.622,2.641,821.3128318786621,4.990877864124789,2763.6669678322633,0.654,87.5575,0.4724,0.52,72.615,0.32516666666666666,0.682,80.46000000000001,0.5734,0.3434090909090909,0.38769565217391305,0.3207777777777778,-0.622,-0.572,-0.588,485.00089263916016,479.1184597015381,880.6445941925049,0.6186666666666667,80.21083333333334,0.4569888888888889,0.3506275069535939,-0.594,614.9213155110677,Hidalgo,3.431219862235662,Phaeozem,26.426420695506106,32.34291453836911
AGC_153,PREDICCION,,1.99,72.303,0.5127142857142857,0.29335483870967743,-0.6,2.018,961.35080909729,0.28186452025110087,2606.0121770184933,0.632,72.84750000000001,0.34140000000000004,0.576,60.895,0.2947777777777778,0.68,68.1025,0.5005,0.37552380952380954,0.3865,0.30924,-0.582,-0.505,-0.606,516.0190601348877,571.0173530578613,992.8766441345215,0.6293333333333333,67.28166666666667,0.3788925925925926,0.3570879365079365,-0.5643333333333334,693.3043524424235,Puebla,3.2916786055743383,Planosol,26.4188612188498,28.711272568684926
AGC_154,PREDICCION,,1.49,91.1195,0.5105714285714286,0.3796764705882353,-0.594,3.267,961.35080909729,3.8409833570690832,2637.6869964433163,0.689,86.93,0.4124,0.622,74.52,0.35459999999999997,0.735,82.4575,0.50175,0.4143157894736842,0.46755,0.4095384615384615,-0.612,-0.565,-0.631,516.0190601348877,571.0173530578613,992.8766441345215,0.6819999999999999,81.3025,0.42291666666666666,0.43046808367071526,-0.6026666666666667,693.3043524424235,Puebla,3.4011084044971414,Phaeozem,26.031783248108088,28.952237912082644
AGC_155,ENTRENAMIENTO,4.52,2.24,81.2225,0.6027777777777777,0.37096969696969695,-0.59,3.027,793.7303228378296,5.318302119682892,2753.3033921047154,0.549,79.025,0.39075,0.6,65.8425,0.46349999999999997,0.721,81.39999999999999,0.49250000000000005,0.3922857142857143,0.3916818181818182,0.3971818181818182,-0.585,-0.556,-0.598,442.7937717437744,479.3665199279785,852.943962097168,0.6233333333333333,75.4225,0.4489166666666667,0.39371645021645024,-0.5796666666666667,591.7014179229736,Puebla,3.5419748853312893,Phaeozem,25.564367170380383,31.505316235530177
AGC_156,PREDICCION,,8.2,81.9855,0.6351428571428571,0.2962758620689655,-0.614,3.265,1274.5569305419922,1.4056250109160098,2752.379143981959,0.555,66.655,0.4496,0.461,47.9275,0.3435,0.739,73.5825,0.4645,0.3810476190476191,0.36133333333333334,0.291,-0.573,-0.543,-0.619,573.2268009185791,526.2208614349365,1000.8445796966553,0.585,62.721666666666664,0.4192,0.34446031746031747,-0.5783333333333334,700.0974140167236,Hidalgo,2.6500668743856006,Phaeozem,27.187531928363057,26.390519152662186
AGC_157,ENTRENAMIENTO,3,1.18,70.5575,0.6055,0.36144117647058827,-0.613,2.943,905.01057452569,1.88320462168324,2617.3189504022166,0.59,61.7625,0.35575,0.516,54.94,0.302,0.702,62.705000000000005,0.501,0.398375,0.3892857142857143,0.35117857142857145,-0.562,-0.551,-0.602,554.3189593897438,529.8762864044477,815.4297342174697,0.6026666666666667,59.8025,0.38625,0.3796130952380952,-0.5716666666666667,633.2083266705537,Tlaxcala,2.5152025701421827,Phaeozem,25.99644373272532,27.014825452100332
AGC_158,PREDICCION,,11.22,70.182,0.49942857142857144,0.3552121212121212,-0.584,2.469,961.35080909729,0.8936808315861815,2631.5572609613378,0.707,71.86749999999999,0.3026,0.592,56.085,0.2332857142857143,0.717,73.5225,0.45899999999999996,0.34625,0.38795454545454544,0.38582608695652176,-0.551,-0.537,-0.608,516.0190601348877,571.0173530578613,992.8766441345215,0.6719999999999999,67.15833333333333,0.3316285714285714,0.3733435441370224,-0.5653333333333334,693.3043524424235,Puebla,2.990064404770765,Phaeozem,27.296888975018135,29.588474572470393
AGC_159,ENTRENAMIENTO,4.77,2.14,79.976,0.6271111111111112,0.3309705882352941,-0.595,2.973,793.7303228378296,1.5873293498850674,2627.276908425442,0.671,75.4675,0.354,0.309,47.76,0.21357142857142858,0.643,72.5,0.5161666666666667,0.3842380952380952,0.41743478260869565,0.3241111111111111,-0.583,-0.591,-0.6,442.7937717437744,479.3665199279785,852.943962097168,0.541,65.2425,0.36124603174603176,0.375261329652634,-0.5913333333333333,591.7014179229736,Puebla,3.587042353877686,Planosol,27.206618815100825,26.667322337957017
AGC_160,ENTRENAMIENTO,3.62,7.61,78.525,0.6361111111111111,0.30211764705882355,-0.595,2.749,793.7303228378296,2.765805025408512,2743.3864412853545,0.481,62.3075,0.33525,0.53,51.5425,0.32122222222222224,0.623,71.7575,0.464,0.34314285714285714,0.36923076923076925,0.3253333333333333,-0.582,-0.525,-0.598,442.7937717437744,479.3665199279785,852.943962097168,0.5446666666666666,61.869166666666665,0.37349074074074073,0.3459023199023199,-0.5683333333333334,591.7014179229736,Puebla,3.245734329463836,Phaeozem,24.009544769846556,29.393650451680145
AGC_161,ENTRENAMIENTO,4.46,3.36,86.581,0.6739999999999999,0.347875,-0.604,2.96,793.7303228378296,5.733787916743088,2741.0767922362065,0.452,57.332499999999996,0.40025,0.54,54.695,0.34425,0.677,79.25,0.513,0.3537,0.38604166666666667,0.3514583333333333,-0.581,-0.538,-0.6,442.7937717437744,479.3665199279785,852.943962097168,0.5563333333333333,63.759166666666665,0.4191666666666667,0.36373333333333335,-0.573,591.7014179229736,Puebla,3.1837248674266037,Phaeozem,24.907865448360745,30.03365828361762
AGC_162,ENTRENAMIENTO,5.59,4.93,60.8425,0.4631666666666666,0.32615151515151514,-0.587,2.132,793.7303228378296,4.661558965382193,2834.2489454684055,0.388,47.832499999999996,0.34875,0.371,45.955,0.19466666666666665,0.628,70.2,0.4686666666666667,0.36914285714285716,0.33885714285714286,0.321,-0.557,-0.476,-0.585,442.7937717437744,479.3665199279785,852.943962097168,0.4623333333333333,54.6625,0.3373611111111111,0.343,-0.5393333333333333,591.7014179229736,Puebla,3.467412810595749,Phaeozem,26.01839794085405,30.17159015804942
AGC_163,ENTRENAMIENTO,3,2.57,70.246,0.569,0.3568529411764706,-0.613,2.741,926.612000958008,2.0039212939451727,2612.767760811306,0.641,64.0225,0.3545,0.498,54.405,0.27166666666666667,0.692,66.3925,0.5265,0.39168000000000003,0.37716666666666665,0.36064285714285715,-0.559,-0.552,-0.6,567.9963956841842,540.0636526841703,834.6826564041381,0.6103333333333333,61.60666666666666,0.3842222222222222,0.37649650793650796,-0.5703333333333334,647.5809015908309,Tlaxcala,2.521159354616024,Phaeozem,26.033540091211528,27
AGC_164,ENTRENAMIENTO,3,11.84,69.087,0.4440909090909091,0.362725,-0.608,2.76,770.9277410507202,0.9039252244638498,2496.648467628232,0.619,59.972500000000004,0.445,0.639,58.07,0.37,0.551,55.31,0.4046,0.3637142857142857,0.3899,0.32292857142857145,-0.572,-0.567,-0.606,460.788724899292,431.61855125427246,683.358883857727,0.603,57.78416666666667,0.40653333333333336,0.3588476190476191,-0.5816666666666667,525.2553866704305,Hidalgo,2.6195682701130103,Phaeozem,26.27446714824717,30.437193066538413
AGC_165,ENTRENAMIENTO,4.44,6.21,82.6085,0.5706666666666667,0.3632413793103448,-0.573,2.734,793.7303228378296,2.3646235013476,2903.9903805175136,0.252,34.9375,0.23233333333333334,0.407,47.7775,0.2747142857142857,0.664,69.1575,0.58725,0.3751764705882353,0.37421739130434784,0.3387391304347826,-0.543,-0.479,-0.564,442.7937717437744,479.3665199279785,852.943962097168,0.441,50.62416666666667,0.36476587301587304,0.3627109974424552,-0.5286666666666666,591.7014179229736,Puebla,4.019997346168992,Phaeozem,26.484235954940715,29.98954359731499
AGC_166,ENTRENAMIENTO,2.5,6.76,77.565,0.3806,0.293625,-0.635,2.5,1135.12548828125,3.438691457597833,2690.6081222937837,0.616,69.6175,0.5002,0.409,39.9325,0.221125,0.575,65.78,0.512,0.31176190476190474,0.3411304347826087,0.2681428571428571,-0.597,-0.573,-0.641,557.439962387085,531.8628273010254,991.5371437072754,0.5333333333333333,58.443333333333335,0.4111083333333333,0.30701173222912354,-0.6036666666666667,693.6133111317953,Hidalgo,2.7364831332859243,Umbrisol,26.37542078907999,27.96360916332771
AGC_167,ENTRENAMIENTO,4.54,2.46,85.5865,0.6151111111111112,0.3395483870967742,-0.595,2.775,793.7303228378296,3.7445552084708873,2635.6632320515446,0.642,75.86500000000001,0.40575,0.416,51.205,0.25114285714285717,0.683,76.975,0.508,0.3469047619047619,0.3695217391304348,0.3585,-0.566,-0.597,-0.581,442.7937717437744,479.3665199279785,852.943962097168,0.5803333333333334,68.015,0.38829761904761906,0.3583088336783989,-0.5813333333333333,591.7014179229736,Puebla,3.4005778016023887,Planosol,26.43528504487164,26.894144865385073
AGC_168,ENTRENAMIENTO,4.49,1.53,83.516,0.6092857142857143,0.36020588235294115,-0.605,2.687,961.35080909729,3.6644079921833934,2632.591064363742,0.577,65.19,0.4016,0.372,49.8825,0.22133333333333333,0.757,73.55,0.4434,0.368,0.40714285714285714,0.3606923076923077,-0.584,-0.532,-0.609,516.0190601348877,571.0173530578613,992.8766441345215,0.5686666666666667,62.87416666666667,0.35544444444444445,0.37861172161172163,-0.575,693.3043524424235,Puebla,3.242398020839241,Phaeozem,26.43468969131495,30.118709565925418
AGC_169,ENTRENAMIENTO,2.5,2.51,72.611,0.5766,0.3375897435897436,-0.61,2.987,887.9460887908936,1.1686295597976908,2529.253005230617,0.651,63.12,0.3565,0.586,50.565,0.264,0.738,74.155,0.6136666666666667,0.3666923076923077,0.4063448275862069,0.3491666666666667,-0.572,-0.561,-0.61,543.5141906738281,521.8285694122314,800.2204971313477,0.6583333333333333,62.61333333333333,0.4113888888888889,0.3740679339817271,-0.581,621.8544190724691,Tlaxcala,2.3016151168000154,Phaeozem,23.84861018523822,27.032312394811335
AGC_170,ENTRENAMIENTO,3,8.13,57.448,0.4271,0.3547179487179487,-0.614,2.503,770.9277410507202,1.3910803257933293,2501.227723351566,0.585,61.51499999999999,0.38839999999999997,0.628,54.52,0.3008888888888889,0.528,56.442499999999995,0.4538333333333333,0.37774074074074077,0.40946666666666665,0.3392413793103448,-0.581,-0.567,-0.589,460.788724899292,431.61855125427246,683.358883857727,0.5803333333333334,57.4925,0.38104074074074074,0.3754829289059174,-0.579,525.2553866704305,Tlaxcala,2.600631292689883,Phaeozem,26.061081014127602,30.99335644156837
AGC_171,ENTRENAMIENTO,2.15,11.63,74.091,0.4745714285714286,0.3881935483870968,-0.599,2.407,961.35080909729,1.4037374152593356,2629.1506348028556,0.584,64.71,0.2708,0.554,55.06,0.20766666666666667,0.684,66.905,0.4043333333333333,0.3777894736842105,0.4126190476190476,0.34807692307692306,-0.541,-0.525,-0.606,516.0190601348877,571.0173530578613,992.8766441345215,0.6073333333333334,62.225,0.2942666666666667,0.3794951481267271,-0.5573333333333333,693.3043524424235,Puebla,2.945965118942715,Phaeozem,26.502310781670616,28.139356283593024
AGC_172,ENTRENAMIENTO,5.19,2.33,76.415,0.5615714285714286,0.32593548387096777,-0.589,2.907,809.0491116905155,3.6742496473213007,2885.336641718094,0.464,49.32,0.44033333333333335,0.363,47.684999999999995,0.26516666666666666,0.601,69.4725,0.5306,0.3143,0.3821111111111111,0.32560869565217393,-0.471,-0.509,-0.579,445.4391756642361,486.5297522313323,859.2533017695737,0.476,55.4925,0.4120333333333333,0.340673268921095,-0.5196666666666666,597.0740765550473,Puebla,3.587839448190788,Phaeozem,27.868194779894726,30.237551424966558
AGC_173,PREDICCION,,3.6,91.715,0.619375,0.3389142857142857,-0.616,3.278,1074.463642120361,0.9747033168351694,2566.991552372175,0.648,91.33,0.4548,0.687,87.27,0.4914444444444444,0.712,93.4025,0.5022,0.29844,0.35514814814814816,0.32221428571428573,-0.597,-0.571,-0.625,661.6120376586914,609.7914009094238,966.4598865509033,0.6823333333333333,90.6675,0.4828148148148148,0.3252674779541446,-0.5976666666666667,745.9544417063395,Tlaxcala,2.390262868955286,Phaeozem,24.648785771999123,29.0704129734283
AGC_174,PREDICCION,,6.89,74.944,0.390375,0.36348648648648646,-0.599,2.293,947.4036476046206,2.2845566432592657,2546.6165459471895,0.709,69.945,0.34650000000000003,0.578,54.6725,0.2247142857142857,0.721,69.74499999999999,0.4278571428571428,0.38943478260869563,0.3710909090909091,0.32285185185185183,-0.574,-0.543,-0.611,505.81857337409417,519.2297421588695,941.6741455193927,0.6693333333333333,64.7875,0.3330238095238095,0.3611258478504855,-0.576,655.5741536841188,Hidalgo,3.0868609186710314,Phaeozem,26.206691521071463,29.40724671940091
AGC_175,PREDICCION,,1.41,78.9675,0.65025,0.3630909090909091,-0.587,2.844,793.7303228378296,2.9659706970065707,2645.943826930577,0.434,55.410000000000004,0.3322,0.477,48.535000000000004,0.273875,0.652,73.2,0.53175,0.31614285714285717,0.3724230769230769,0.32414814814814813,-0.577,-0.507,-0.576,442.7937717437744,479.3665199279785,852.943962097168,0.521,59.04833333333334,0.379275,0.3375713607380274,-0.5533333333333333,591.7014179229736,Puebla,3.3220845913989496,Planosol,26.135252847877258,27.407535683744737
AGC_176,ENTRENAMIENTO,4.38,7.15,76.236,0.5304444444444445,0.3099142857142857,-0.592,2.788,890.6072187652442,4.558720826578079,2694.267809614922,0.527,63.2475,0.3896,0.454,47.714999999999996,0.315,0.648,71.285,0.5064,0.31463157894736843,0.370952380952381,0.3331851851851852,-0.56,-0.519,-0.584,510.6184633629311,518.7557055250687,985.4506111420019,0.543,60.74916666666667,0.4036666666666667,0.33958971502831153,-0.5543333333333333,671.6082600100005,Puebla,3.4465842315563027,Phaeozem,27.091300025815507,27.76847368171895
AGC_177,PREDICCION,,5.66,81.341,0.480625,0.36672727272727274,-0.577,2.627,961.35080909729,0.8061370526355467,2613.0100206263473,0.795,81.7725,0.25925,0.299,43.527499999999996,0.215,0.722,75.42999999999999,0.4352,0.32054166666666667,0.42878260869565216,0.35364,-0.55,-0.505,-0.588,516.0190601348877,571.0173530578613,992.8766441345215,0.6053333333333333,66.91,0.30315,0.3676547584541063,-0.5476666666666666,693.3043524424235,Puebla,3.4376338407822113,Phaeozem,27.656997643100443,28.804925552706106
AGC_178,ENTRENAMIENTO,4.39,9.82,66.065,0.4455,0.3611515151515152,-0.596,2.299,961.35080909729,1.202999364574783,2642.14707069118,0.664,65.675,0.28025,0.613,56.18,0.2815,0.707,59.82,0.627,0.3995238095238095,0.42222727272727273,0.370952380952381,-0.567,-0.529,-0.595,516.0190601348877,571.0173530578613,992.8766441345215,0.6613333333333333,60.55833333333333,0.39625,0.39756782106782107,-0.5636666666666666,693.3043524424235,Puebla,3.1002968138589084,Phaeozem,27.5743016908555,28.38453985298441
AGC_179,ENTRENAMIENTO,4.55,6.35,76.488,0.6377777777777778,0.3153235294117647,-0.593,2.668,793.7303228378296,4.563680939710005,2734.8758814353405,0.433,56.08,0.3056,0.545,52.395,0.34925,0.579,66.8475,0.4703333333333333,0.35014285714285714,0.40158333333333335,0.32125925925925924,-0.568,-0.534,-0.586,442.7937717437744,479.3665199279785,852.943962097168,0.519,58.44083333333333,0.3750611111111111,0.3576618165784832,-0.5626666666666666,591.7014179229736,Puebla,3.4465623914461183,Phaeozem,25.793882812991182,27.77795525682423
AGC_180,ENTRENAMIENTO,4.14,10.9,94.2295,0.4672857142857143,0.3754193548387097,-0.603,2.841,705.9544015001741,5.731233935243036,2773.8363999063754,0.716,70.0375,0.52025,0.427,53.86,0.2478,0.684,76.2275,0.59675,0.30578260869565216,0.3765454545454545,0.342875,-0.555,-0.603,-0.627,416.52804519798957,367.2931270773804,660.8989408967363,0.609,66.70833333333333,0.4549333333333333,0.3417343544137022,-0.595,481.5733710573688,Hidalgo,3.1714642320715627,Planosol,25.138891942902326,31.961252523397967
AGC_181,ENTRENAMIENTO,4.51,1.49,79.5505,0.552,0.36403030303030304,-0.599,2.972,961.35080909729,7.264658044795708,2640.5948784024586,0.68,70.2475,0.383,0.353,48.84,0.2338,0.663,70,0.501,0.3688,0.4156666666666667,0.3728461538461538,-0.605,-0.548,-0.6,516.0190601348877,571.0173530578613,992.8766441345215,0.5653333333333334,63.02916666666667,0.3726,0.38577094017094016,-0.5843333333333334,693.3043524424235,Puebla,3.3329409474724225,Phaeozem,24.93092664735142,29.45926357675443
AGC_182,PREDICCION,,4.13,77.6645,0.51525,0.35090625,-0.589,2.427,892.2797203063965,4.1081041696907,2644.6732915535745,0.551,66.675,0.3645,0.446,54.065,0.27114285714285713,0.603,69.015,0.4754,0.31605,0.36196153846153845,0.33755555555555555,-0.58,-0.548,-0.591,511.78940200805664,519.4357280731201,987.7382316589355,0.5333333333333333,63.251666666666665,0.37034761904761904,0.3385223646723647,-0.573,672.9877872467041,Puebla,3.311372699976112,Planosol,27.249402540043395,27.86207716851024
AGC_183,PREDICCION,,7.85,71.218,0.436125,0.32991176470588235,-0.613,2.64,972.779967028224,1.3564142969006945,2578.6355395841665,0.589,64.88,0.34883333333333333,0.572,57.59,0.3195,0.694,73.23,0.43225,0.337,0.35225,0.3165357142857143,-0.592,-0.579,-0.615,597.2286973910997,561.8367509663944,875.8312472646363,0.6183333333333333,65.23333333333333,0.36686111111111114,0.33526190476190476,-0.5953333333333333,678.2988985407102,Tlaxcala,2.564503799583501,Phaeozem,24.250778733646982,26.93002879473544
AGC_184,ENTRENAMIENTO,4.47,9.96,87.664,0.5359,0.36083783783783785,-0.601,2.332,910.2673473358154,0.6308625708160445,2628.687050806674,0.769,78.8525,0.36133333333333334,0.549,63.0875,0.27325,0.623,69.045,0.5501666666666667,0.3887894736842105,0.40096296296296297,0.35932,-0.591,-0.573,-0.608,520.0563888549805,528.5847568511963,982.7754383087158,0.647,70.32833333333333,0.3949166666666667,0.38302414554905784,-0.5906666666666667,677.1388613382975,Hidalgo,3.199895047029412,Umbrisol,27.111533998876418,27.78149532558128
AGC_185,ENTRENAMIENTO,5.01,11.88,79.473,0.4897142857142857,0.3522058823529412,-0.599,2.146,961.35080909729,3.2278379808592454,2632.824259643215,0.713,77.19749999999999,0.356,0.667,64.3775,0.285375,0.702,78.6275,0.5386,0.4107,0.40645833333333337,0.39308,-0.529,-0.544,-0.611,516.0190601348877,571.0173530578613,992.8766441345215,0.694,73.40083333333332,0.393325,0.4034127777777778,-0.5613333333333334,693.3043524424235,Puebla,3.074933359595411,Phaeozem,26.175686058134573,30.941109680447777
AGC_186,PREDICCION,,11.7,83.0595,0.5720000000000001,0.3256,-0.619,2.466,961.35080909729,0.9517692288055172,2601.864972589026,0.758,78.615,0.30075,0.506,59.5925,0.27985714285714286,0.667,77.79,0.5665,0.38866666666666666,0.4200869565217391,0.37725000000000003,-0.56,-0.499,-0.615,516.0190601348877,571.0173530578613,992.8766441345215,0.6436666666666667,71.99916666666667,0.3823690476190476,0.3953345410628019,-0.558,693.3043524424235,Puebla,3.252016582869895,Phaeozem,27.49160186782899,28.290440972188367
AGC_187,ENTRENAMIENTO,3,8.04,71.13,0.3443333333333333,0.36027777777777775,-0.614,2.86,834.4776458740234,0.84366597958572,2555.0504899818925,0.537,60.6225,0.4085,0.537,51.315000000000005,0.2866,0.815,71.8625,0.44616666666666666,0.3825,0.3897931034482759,0.3377586206896552,-0.577,-0.513,-0.614,495.5309009552002,475.41568756103516,733.5465536117554,0.6296666666666667,61.266666666666666,0.3804222222222222,0.37001724137931036,-0.568,568.1643807093302,Tlaxcala,2.319409206608949,Phaeozem,25.499948824533618,27.957010059335335
AGC_188,PREDICCION,,2.34,73.3805,0.538,0.3433428571428571,-0.593,2.408,793.7303228378296,3.3897608856040806,2656.2506861052366,0.408,53.085,0.27699999999999997,0.394,48.99,0.217375,0.525,64.495,0.4645,0.32015,0.35946153846153844,0.34668,-0.589,-0.501,-0.583,442.7937717437744,479.3665199279785,852.943962097168,0.44233333333333336,55.52333333333333,0.319625,0.3420971794871795,-0.5576666666666666,591.7014179229736,Puebla,3.4171682500822427,Planosol,26.363824480750775,27.083926526521378
AGC_189,ENTRENAMIENTO,4.03,4.6,78.40350000000001,0.490375,0.3363,-0.589,2.417,910.2673473358154,1.7927062845072317,2620.6688143535343,0.679,74.5125,0.32933333333333337,0.432,53.335,0.242625,0.601,69.305,0.4685,0.3458,0.4250769230769231,0.31053846153846154,-0.59,-0.556,-0.609,520.0563888549805,528.5847568511963,982.7754383087158,0.5706666666666667,65.7175,0.34681944444444446,0.36047179487179487,-0.585,677.1388613382975,Puebla,3.32424338368215,Phaeozem,26.30332917040373,27.165702366275774
AGC_190,PREDICCION,,5.01,77.4965,0.5176666666666666,0.369551724137931,-0.566,2.777,793.7303228378296,2.1549635409738275,2889.549617832214,0.398,50.4075,0.28533333333333333,0.392,45.6875,0.23442857142857143,0.642,68.7875,0.5834,0.38455555555555554,0.37955,0.3368181818181818,-0.558,-0.489,-0.56,442.7937717437744,479.3665199279785,852.943962097168,0.47733333333333333,54.96083333333333,0.36772063492063495,0.3669745791245791,-0.5356666666666667,591.7014179229736,Puebla,3.73235486940863,Phaeozem,26.64432752638907,30.094786001664488
AGC_191,PREDICCION,,1.75,82.6525,0.553625,0.34191176470588236,-0.608,2.568,960.9958435003756,7.826060266387466,2714.0241447828075,0.52,69.5025,0.48,0.427,61.0225,0.2957142857142857,0.716,76.49,0.6795,0.32985000000000003,0.3800454545454546,0.33920833333333333,-0.585,-0.543,-0.612,515.8639928231108,570.8232664434167,992.5803122891983,0.5543333333333333,69.005,0.48507142857142854,0.34970126262626267,-0.58,693.0891905185753,Puebla,3.3933234116329096,Phaeozem,27.656231396811712,29.704154264541142
AGC_192,PREDICCION,,2.14,83.517,0.5728888888888889,0.3366,-0.595,2.87,793.7303228378296,2.6317298446271584,2706.2238543710037,0.545,68.15,0.49,0.586,62.1425,0.399125,0.676,76.835,0.55125,0.3598095238095238,0.39307692307692305,0.35633333333333334,-0.594,-0.535,-0.597,442.7937717437744,479.3665199279785,852.943962097168,0.6023333333333334,69.0425,0.480125,0.3697399267399267,-0.5753333333333334,591.7014179229736,Puebla,3.3626393330922455,Planosol,26.087288214812265,28.708423716172092
AGC_193,ENTRENAMIENTO,4.57,12.41,74.05,0.5614285714285714,0.3824193548387097,-0.587,2.684,961.35080909729,1.3925693753246131,2631.6582674931155,0.51,59.9275,0.2792,0.539,52.09,0.231125,0.678,70.745,0.41175,0.3888695652173913,0.3978695652173913,0.3758518518518518,-0.557,-0.528,-0.612,516.0190601348877,571.0173530578613,992.8766441345215,0.5756666666666667,60.920833333333334,0.30735833333333334,0.38753032742887816,-0.5656666666666667,693.3043524424235,Puebla,2.9559742331017382,Phaeozem,26.658593232696468,29.77347521504592
AGC_194,ENTRENAMIENTO,3.2,4.12,78.3705,0.5374,0.3207878787878788,-0.638,2.212,1291.162800409765,3.5081007761005,2715.581345718172,0.597,70.23,0.51675,0.614,50.9275,0.295,0.651,74.8525,0.534,0.32255,0.2730909090909091,0.3043,-0.58,-0.574,-0.604,607.5599897847426,591.1941423902935,1089.555320876788,0.6206666666666667,65.33666666666667,0.44858333333333333,0.29998030303030304,-0.586,762.7698176839414,Hidalgo,2.895664354241452,Umbrisol,26.853122982717526,30.33201588809905
AGC_195,ENTRENAMIENTO,3.68,1.92,75.399,0.48175,0.3265294117647059,-0.598,2.425,961.35080909729,0.35266585101741976,2603.471617083111,0.683,78.01,0.46275,0.627,61.8825,0.28250000000000003,0.669,75.3375,0.6098,0.32445454545454544,0.4083478260869565,0.3324615384615385,-0.58,-0.522,-0.602,516.0190601348877,571.0173530578613,992.8766441345215,0.6596666666666667,71.74333333333334,0.4516833333333333,0.3550879700010135,-0.568,693.3043524424235,Puebla,3.4567018899269204,Planosol,27.341653653703055,29.56090272343875
AGC_196,ENTRENAMIENTO,3.5,8.57,77.127,0.321,0.3548108108108108,-0.592,3.334,799.4574012756348,1.7408288196308035,2543.659751834512,0.572,58.265,0.4532,0.763,65.3175,0.4727,0.819,73.9725,0.33975,0.3635833333333333,0.3669655172413793,0.33684,-0.585,-0.545,-0.595,468.42662239074707,419.16595458984375,676.664210319519,0.718,65.85166666666666,0.42188333333333333,0.3557962835249042,-0.575,521.4189291000366,Hidalgo,2.561005164509167,Phaeozem,25.871018264396447,28.46951403491865
AGC_197,ENTRENAMIENTO,4.52,11.52,63.6655,0.40985714285714286,0.3633125,-0.586,2.347,961.35080909729,1.2076460139196492,2613.3517695713313,0.583,60.4875,0.317,0.578,54.769999999999996,0.19825,0.656,65.565,0.3796,0.37855,0.37388,0.36004,-0.581,-0.524,-0.611,516.0190601348877,571.0173530578613,992.8766441345215,0.6056666666666667,60.274166666666666,0.29828333333333334,0.37082333333333334,-0.572,693.3043524424235,Puebla,3.065989024234396,otros,26.612288943958113,28.529871709286464
